202429
9091
401205
9793
5703923
8574
4668886
6449
8194342
9736
5181626
4755
7113038
2255
5499220
9013
5732864
3822
4735336
5795
4125169
1545
3280282
5574
8035403
548
6658195
4288
745856
8734
3390262
1832
5260340
729
9450990
3718
16739
8969
4107536
5675
1605280
334
3933790
8156
4236736
4543
4933240
232
2532681
4501
1490803
4843
9024856
1513
5699654
3334
4694764
5198
5430098
3432
6322476
8980
4884397
4272
9580393
676
727231
5636
1725478
2249
2868754
668
9031000
7153
5047064
688
1410340
5438
5427071
4884
2570687
8398
8740031
233
5699110
4826
9873128
3557
8292922
502
753148
3875
3333322
3126
1750107
880
347195
4507
7295333
5463
2308222
3216
9947529
8260
8046444
1527
2900970
2557
103112
5965
4970895
2659
9961542
2582
7399080
6011
8826790
6925
5343277
5007
9202877
6382
492495
9798
1126055
3565
2992398
4447
6358826
536
3672407
4910
1633933
3833
7934176
7710
912691
602
2796145
8097
5104858
8670
3421314
1520
2886331
9161
7382944
4858
126789
6386
5470072
8580
6854685
8542
6085242
6551
6840184
4912
1584675
8295
2174211
3484
7676749
7590
3534270
6200
2044663
1169
9912466
6429
9329089
9206
419487
2827
8953487
9931
4631785
2927
312535
8424
7617551
5832
7295579
9409
4882060
4524
7323022
7306
1130078
9174
9387416
9266
8671785
4361
4664404
9268
553686
7522
1054363
9990
1042463
4301
5057968
1325
4359904
409
815368
6275
4618077
2743
7073767
5706
4632891
2394
3677481
3359
9225604
6988
3969965
5350
4328847
6411
2511773
1248
3581625
319
38208
3823
6666210
3828
224265
3641
84217
78
8059371
3194
2235600
2553
8786691
5470
351131
8976
9424194
9492
2431889
9751
7080026
4997
7726872
1916
5845769
7059
3881948
5071
7279820
7933
2341246
4792
9739907
178
4200329
6810
1874627
2777
7878390
307
101370
1537
4524062
4730
749677
8447
6276077
3736
1806610
9654
1729939
4491
9760909
6740
8334087
8998
5156464
6060
9158651
4719
1875533
3060
332571
4786
8642719
1458
5450790
4930
3777490
9567
6776647
4229
6141770
2338
2596850
2284
3244446
3434
4019126
4900
5975443
2643
336852
4167
4532529
926
8732380
2931
8339820
7098
4104926
691
8224498
931
2158279
9310
1342826
1986
2017518
8998
824576
63
788193
7808
6064797
1827
8633787
7377
7627889
8737
3172817
1510
888589
3033
8299657
6085
3052826
9913
5925215
7136
6678110
1439
5887365
8048
3498572
2767
8043771
4930
1782568
5142
5600043
1759
4798601
5930
2549891
2391
7103978
9287
3235616
8654
8281685
4878
2112060
4410
224497
2576
8486622
9503
7695826
7721
6765818
4865
1948435
7240
7074959
6120
1204102
8715
8882672
3085
2073621
2083
7380409
8693
8909842
569
5642387
9062
9945528
1373
7982521
3115
8849384
2885
1567579
461
9439964
6097
3141111
7133
5394767
6921
4980777
3532
8783769
2557
80459
9664
3577347
8900
4201850
6809
7395489
5096
4651897
7506
3309381
8689
6327066
2893
669287
6534
4341716
4932
4361589
898
8080861
4671
5704795
7415
8718406
9691
7574919
886
768079
8472
5703536
2006
4900748
8550
4094777
465
5147644
1325
5578400
5564
5332040
5637
9253842
4567
5082511
2577
2155292
5369
3376723
1533
8272707
6740
9873340
5057
70147
2216
6428861
6064
4517229
7133
5649374
5677
8914429
4002
6560173
8216
9863079
4392
6139326
4442
4119785
3181
2566943
5989
5426014
623
7031772
3371
6292319
5211
1774677
4942
5846807
5385
101714
5678
3714130
8424
5117803
7444
9912429
7711
7372531
2964
9909656
6832
4537634
7535
384813
4386
2608878
1281
7988642
5925
2242514
1478
9879394
2065
8680194
593
3698679
910
1149585
1139
7618724
6040
2597327
2328
2344061
9799
6475154
9797
7081664
8654
2348659
4592
9401471
1077
7995280
4165
1915401
5622
6884267
873
2406133
733
3843608
2607
2237320
3170
3611800
1678
3101444
9398
9300465
5955
2556627
2069
6005808
6224
2185631
6319
2705052
561
5048398
2113
9233081
7614
1422610
8051
1163154
7150
1264245
7345
3931634
4960
3269756
3337
657147
2747
8225676
2186
2033171
5565
2516718
8766
4739018
9710
2234152
1961
4179508
738
4411923
1567
3822039
3187
7014803
9352
2129483
3866
9224093
76
7376006
8171
4779265
5668
7855046
442
8302961
6378
2478026
9529
1512337
8105
3930203
9716
5772649
4423
7454850
2686
3762455
5424
5213836
8325
7772088
8000
1996090
1847
3602841
5855
9608641
5682
7228731
7160
3466218
1718
2979388
3873
6940681
4798
2063348
175
3125654
3923
210145
6566
3339169
3805
1083435
2002
9119516
5148
4344740
862
8709899
8075
7500611
7626
4461254
975
1629824
3051
617387
7904
409226
4699
9616249
5513
7585482
9325
6265810
1778
627558
7884
20399
9352
642213
8532
912841
277
5856325
92
1938551
6295
3850839
5399
3872445
5606
7422313
2796
127794
4397
32705
8777
6284146
4503
6608288
4675
6308810
8801
7067686
3573
3415078
6769
7075532
1421
4741890
6162
8737250
9303
9511310
9987
6141717
2864
4391067
5870
1844822
6631
9529739
9859
9697454
9721
4702547
7232
8665098
816
6681552
5743
3493958
3304
1634601
8762
4003233
3686
9308604
1210
7752943
3366
1289303
7879
344718
2163
8224731
3286
6320785
250
8701486
2522
1339686
7644
5073751
9776
4175578
3439
5053534
7583
2430100
6612
7507149
9304
9078887
9519
2472388
5109
5199581
3659
5838765
5783
812509
527
9647981
1907
1583454
5726
7890599
6866
2045942
2350
1915536
8144
3565542
1314
6850714
9342
9642370
731
9713125
5617
6556139
7082
6210976
8239
8024319
4137
3929738
8623
4923505
6053
8751139
4258
4921127
7989
2333747
8031
5245508
5458
109081
9460
3792700
6663
4917981
7878
9716952
5093
3718226
2107
5554938
3422
3664000
3241
2438934
8107
1013273
9854
5260494
1985
4100935
8532
8182607
6764
4953469
7074
7716401
2045
296026
6489
5522934
7249
8926805
492
4897103
1550
3485952
3347
3747553
2345
6647559
19
4444454
1378
611432
5830
9541389
7116
4190413
4096
571157
7972
2679577
2281
2360183
4762
2890326
9568
7745724
7125
9682675
3038
158860
4219
4413498
4135
7249676
5068
1689413
6776
592566
3586
9476532
4816
748247
7713
1534004
6011
8825188
6337
3999148
8900
8645073
736
8868742
4834
7962381
4146
2572041
1070
121720
2077
6940321
6521
4674332
5672
8440279
5929
4551541
320
9444097
7092
3314394
9002
611435
5153
9893171
5755
3938321
192
471400
2590
792097
6278
8161152
7870
9682865
5879
5934690
2255
7561839
5156
2275713
7129
8435501
9729
4200285
5913
5850735
6209
1299513
8663
4900817
1073
211169
5332
5272635
4736
5416298
2109
9647689
2205
8407155
8416
2460545
414
2825521
4949
9096318
2818
8947199
522
9734269
7136
7736104
92
4507996
9268
9411242
1808
2103691
2422
4678455
5135
5154862
8788
6670153
6381
4200785
8138
4916437
3684
9939619
5867
2656969
9117
795731
5877
8757397
7377
7635771
4314
7372676
4425
8080803
5193
6572066
8823
3356203
2682
3470406
860
