31
291
101
840
934
826
880
825
958
115
834
224
527
878
946
353
997
50
361
952
609
991
497
882
84
171
846
460
622
679
519
777
536
890
907
695
847
990
671
264
381
127
994
98
38
927
757
874
612
983
798
932
346
551
11
192
672
886
317
198
811
271
311
923
778
824
362
910
541
42
296
81
579
581
875
653
866
505
906
374
221
784
123
933
877
516
236
796
143
962
894
336
335
415
322
80
729
696
564
34
355
569
151
832
692
650
801
223
637
185
483
503
901
545
630
119
240
161
56
402
678
423
993
572
418
86
150
247
242
383
806
468
288
211
369
395
82
124
32
366
334
751
829
400
39
268
704
389
713
318
902
608
815
184
239
426
301
586
482
698
785
600
542
246
280
930
599
125
989
543
584
71
613
773
302
356
319
225
464
455
90
534
199
745
955
588
529
699
417
343
456
92
954
128
169
626
117
61
64
702
272
47
164
853
837
597
83
286
948
595
122
359
154
22
547
376
913
480
445
65
839
598
136
305
437
398
459
725
201
253
800
665
231
68
587
740
754
772
378
631
430
661
855
69
312
789
200
625
810
399
165
848
517
261
102
876
245
179
795
421
693
409
4
779
13
470
95
849
139
106
370
842
196
190
451
289
917
175
479
205
391
135
214
899
70
373
703
793
472
12
775
805
574
66
944
20
401
864
567
463
836
596
298
809
951
193
397
605
181
753
393
469
554
153
664
690
868
411
226
782
24
203
77
308
138
274
237
438
643
325
166
752
691
57
746
615
668
960
776
610
5
559
867
425
294
163
686
256
454
963
273
263
244
523
870
324
764
761
499
434
458
187
344
765
666
537
889
174
733
484
638
394
897
3
985
209
413
624
279
556
486
278
21
321
307
78
387
121
145
714
55
0
491
618
419
571
976
498
939
345
218
15
728
743
2
216
243
627
206
929
904
329
220
701
667
900
914
683
407
331
290
487
126
183
360
799
467
715
758
844
780
93
869
142
510
662
156
380
473
575
999
895
719
680
147
182
741
943
259
120
655
594
649
820
195
648
759
48
252
549
79
23
414
131
585
674
803
781
969
75
791
276
293
386
563
949
657
490
96
227
349
706
972
330
716
262
284
323
967
515
995
620
202
718
737
555
36
905
710
306
790
578
726
645
496
287
466
228
509
249
173
140
37
40
807
410
911
738
241
446
565
580
604
422
830
676
295
62
766
787
974
347
367
172
194
755
561
636
973
535
148
235
689
794
248
49
735
7
854
432
603
303
111
159
19
450
358
465
533
981
707
813
222
453
982
313
748
617
858
573
942
670
669
566
105
99
591
341
372
633
158
390
230
611
365
863
281
495
953
856
363
342
493
8
270
546
382
388
384
663
488
332
327
988
964
660
865
881
635
769
760
74
862
403
619
788
26
462
197
544
749
375
368
160
478
130
428
6
100
277
646
266
658
819
110
113
254
189
492
705
873
461
818
644
392
168
232
396
328
27
540
471
406
959
852
727
481
377
475
724
812
850
43
940
647
213
14
299
424
10
838
783
73
134
88
861
739
114
767
532
841
892
833
747
921
525
435
998
210
85
300
436
884
97
968
91
494
708
258
652
694
443
916
1
149
67
351
827
320
987
474
957
310
309
731
514
404
687
45
207
941
416
337
712
539
76
116
452
489
59
717
118
918
250
928
915
512
518
429
992
821
357
903
58
589
233
63
730
60
817
975
348
548
722
447
684
267
162
970
513
926
439
659
29
770
304
583
364
814
885
275
350
457
978
947
859
720
925
771
763
984
804
570
553
945
632
742
950
420
51
744
176
621
792
215
888
709
607
816
285
504
568
606
204
592
25
191
476
506
526
872
53
28
808
87
511
167
641
797
178
297
500
501
212
338
104
922
180
316
339
354
146
35
912
654
936
103
530
750
786
651
582
961
408
562
673
642
502
219
845
157
732
507
234
41
371
251
188
521
601
688
170
522
640
887
155
577
919
891
538
485
107
528
723
762
238
734
634
685
520
133
802
30
94
675
576
152
260
721
314
557
602
217
860
72
442
265
590
593
700
444
352
623
656
920
333
524
177
938
756
315
385
137
629
255
971
956
628
379
208
477
822
292
109
449
908
682
616
896
980
893
186
614
144
433
558
229
924
282
831
857
44
935
405
883
977
412
427
18
966
871
996
550
269
112
639
823
508
835
879
89
52
108
965
681
326
909
129
697
774
283
979
843
560
46
9
828
677
986
33
17
132
257
898
931
440
937
768
552
16
736
711
340
851
531
448
431
441
54
141
