0
1
2
3
4
5
479
7
8
9
10
11
12
13
403
156
54
17
286
606
20
21
22
23
24
25
26
27
28
29
875
234
32
33
34
35
36
37
38
39
40
41
42
634
44
45
214
127
48
49
50
51
52
920
16
55
56
807
58
59
60
61
62
63
64
65
66
67
68
69
70
542
72
73
452
75
982
107
78
148
585
81
82
475
84
85
834
536
88
89
90
91
427
93
333
95
96
97
98
99
100
101
102
103
104
71
106
77
108
109
110
111
112
113
114
115
116
117
118
119
120
121
122
123
124
125
126
47
128
129
130
131
132
133
134
135
136
137
138
139
140
141
142
625
144
145
146
319
79
149
150
151
886
153
154
155
15
295
232
159
160
161
162
763
164
165
18
167
168
169
170
171
172
173
762
175
176
177
667
179
624
181
717
183
184
185
186
187
188
189
190
191
192
193
194
195
196
197
198
199
200
335
202
203
204
205
206
207
208
551
603
211
212
213
46
215
216
217
218
219
220
221
222
223
224
225
226
227
228
229
230
231
158
233
31
235
739
237
238
94
240
241
242
444
244
796
287
247
416
249
250
251
252
253
254
907
256
257
258
259
260
261
262
263
264
265
266
267
268
269
270
271
272
817
675
973
276
277
278
279
280
281
282
283
284
285
166
246
288
289
290
291
292
293
294
157
296
297
298
299
300
301
302
303
304
305
306
307
308
309
310
311
937
313
314
315
325
317
318
734
320
321
648
323
324
316
326
327
328
329
330
331
332
178
334
201
336
337
338
339
340
341
771
899
344
345
550
347
348
349
897
275
352
353
354
355
356
357
358
359
360
361
362
363
364
365
544
367
368
769
429
371
372
373
374
375
376
377
378
379
380
381
382
383
384
385
386
387
388
389
390
439
615
393
394
395
396
397
535
399
392
401
402
14
404
405
406
407
408
921
841
411
412
413
414
415
248
417
783
419
420
421
422
423
424
425
426
92
891
799
430
431
432
433
434
435
436
437
438
391
440
441
442
443
243
445
446
447
448
449
450
451
370
453
454
455
456
457
458
459
460
936
462
463
464
465
466
467
468
867
470
471
472
473
474
83
476
477
478
6
480
481
482
483
484
485
486
487
488
489
490
491
629
493
494
495
911
497
498
499
500
501
502
503
504
505
506
507
508
509
510
511
512
513
514
515
516
517
518
80
520
521
522
523
524
569
526
527
528
529
530
531
532
533
534
398
87
537
538
539
540
541
105
543
679
545
546
547
894
549
346
209
609
553
554
555
556
557
558
559
560
561
562
563
564
565
566
567
568
525
570
701
572
573
574
575
576
577
673
579
580
581
781
583
584
519
586
587
588
589
590
618
592
593
594
595
596
597
598
599
600
601
602
210
604
605
19
607
608
552
610
611
612
613
614
400
616
617
591
619
620
621
665
623
180
143
626
627
628
492
630
631
904
633
43
635
636
637
638
639
640
641
642
643
644
976
646
647
322
649
650
409
652
653
654
655
656
657
658
659
660
661
662
663
664
840
666
239
668
669
670
671
672
578
674
274
676
677
678
366
680
814
682
683
684
685
686
687
688
689
690
691
692
693
694
869
696
697
698
699
700
571
702
703
704
705
706
707
708
428
710
711
712
713
774
715
716
182
718
719
720
721
722
723
496
725
726
727
728
729
862
910
732
733
147
735
736
737
738
236
951
741
742
743
744
745
746
747
748
749
750
751
752
753
754
755
756
757
758
759
760
761
174
163
764
765
766
767
768
369
770
342
772
773
714
775
776
777
778
779
780
582
782
418
784
785
786
787
788
789
790
791
792
793
794
795
245
797
798
74
800
801
802
803
804
805
806
57
808
809
810
811
812
813
681
815
816
273
818
819
820
821
822
823
824
825
826
827
828
829
830
831
832
833
86
835
836
837
838
839
622
410
842
843
844
845
846
847
848
849
850
851
852
853
854
855
856
857
858
859
860
861
730
863
864
865
866
469
868
695
870
871
872
873
874
30
876
877
878
879
880
881
882
883
884
885
152
887
888
889
890
709
892
893
548
895
896
350
898
343
900
901
902
903
632
905
906
255
908
909
731
724
912
913
914
915
916
917
918
919
53
651
922
923
924
925
926
927
928
929
930
931
932
933
934
935
461
312
938
939
940
941
942
943
944
945
946
947
948
949
950
984
76
953
954
955
956
957
958
959
960
961
962
963
964
965
966
967
968
969
970
971
972
351
974
975
645
977
978
979
980
981
952
983
740
985
986
987
988
989
990
991
992
993
994
995
996
997
998
999
