6607
8304
6750
2116
7716
8285
4453
2210
642
3618
3454
9021
7623
9361
4747
2330
3205
5531
3698
8794
4366
9954
6723
5266
3078
3620
1153
5200
5190
8858
2262
9080
8179
6161
4812
6083
5463
6441
88
8477
75
902
1775
2039
2395
4954
7724
4302
4515
2255
9353
3381
9784
7919
9422
1971
830
3795
3890
3201
6953
51
2125
2018
9572
7413
6547
4786
1706
9762
973
8807
5603
3120
3047
4200
9574
9566
7113
372
6272
4135
7162
8756
6179
8475
9717
9373
289
7807
1288
5685
4575
7629
574
6404
5730
4267
3373
5457
9900
8965
1286
5719
463
6380
5698
58
5673
4259
4244
7639
1514
2251
8395
453
2061
4547
4281
1784
9743
2591
5092
1348
7339
8117
7289
5571
8760
1533
1030
8716
9526
4400
6510
3952
7496
6712
767
1639
317
474
7064
2579
5525
3685
6623
8543
420
4760
4710
2408
3191
8072
4856
3493
5179
4632
4981
3892
6162
77
4151
3402
6262
6269
6399
1154
8991
8471
8492
2965
3379
4217
282
4780
3096
9865
2797
8482
2964
7840
4088
9879
7063
724
5651
5917
8397
1274
3598
1906
3018
3681
3351
2665
8848
9126
9766
4324
9390
6948
7539
1442
3432
5696
5465
6679
6322
6104
3674
7112
7365
9114
8276
3614
2097
1114
6857
7795
2436
6175
5891
3774
349
9869
5414
334
6711
1283
9511
3235
3574
5389
6518
5830
5407
2399
2023
8520
3956
9378
7292
2370
1519
4093
1109
6482
1006
7490
8230
5237
3981
1667
2950
8432
7155
74
7418
8323
4357
4437
2586
8909
2217
7706
7668
2767
3228
8322
6459
1935
8324
3673
1489
3164
6071
5517
5033
3517
8216
7304
5128
1545
6912
5701
9569
7670
1933
4915
609
590
5041
2428
2347
9349
1033
5324
795
5573
2660
5563
8503
5744
9342
8238
2791
9904
2624
5857
1922
8817
9593
113
1123
9176
4249
9598
759
1902
8225
3911
1970
2133
2332
3358
7376
7531
3695
1383
2475
4248
8919
9362
485
1055
278
3437
7507
449
3259
4462
4470
192
4334
4791
9156
1779
8139
42
1675
3564
4666
1245
265
4848
3904
7441
1015
5243
5290
9835
5098
1764
5749
6126
2239
9173
8130
9906
4665
8384
9646
6882
9085
5988
3861
9974
3547
6571
1765
509
5238
6947
5880
5616
7704
1978
986
3435
9159
78
6754
9345
16
4123
7592
1884
997
6970
8797
5423
5541
2751
9007
5431
8719
909
5983
5177
8182
5256
7120
1517
22
9053
5671
8407
6461
4466
151
1909
9785
9000
9425
1053
6677
337
9874
2397
2095
5788
9283
2405
886
9533
7377
9615
5768
2990
2088
5426
1254
768
2961
7017
3409
8796
8155
8485
8178
2301
1457
4765
2411
5019
2948
6160
9777
1841
3646
8039
3384
1908
1148
456
2686
3875
5071
1284
2318
4126
4317
1221
1308
6755
4148
7935
5724
3799
868
818
5208
9760
3394
4078
1314
2853
5946
3534
5976
7819
6652
5990
5736
328
2606
5160
8479
7589
5534
8433
9775
9398
8105
7045
3633
5302
7969
4346
3852
1332
0
2829
5456
7088
1817
7709
9403
3233
2366
6667
1914
6687
4411
9239
7778
3063
1070
9849
6316
5833
3062
3265
4100
1776
5000
688
3342
2333
756
7860
5711
9690
6429
8236
9897
8286
3853
5355
3885
4094
3182
9024
9044
915
8622
6228
6273
6297
4548
6353
773
9789
8656
2563
9579
9919
2295
667
853
2549
4330
9926
4881
2488
7940
4948
6445
7651
9510
9920
4370
1145
8226
3266
7037
6592
9858
7594
8086
9679
765
4633
9556
9507
3991
603
3639
7635
62
706
789
2669
4593
7041
1691
7124
4165
9326
33
6478
6426
1074
7319
8895
769
924
9074
1124
6759
1850
553
9848
447
6385
6858
3704
20
6226
4338
8483
1289
8617
682
5161
7081
6355
256
7444
1129
9261
5241
9896
9071
2235
619
3777
1163
9473
2484
243
912
6326
3573
4929
7884
5469
3213
371
3054
761
2878
2641
4644
903
758
8199
5345
8254
968
4187
2309
1206
6748
7963
6198
8113
634
3337
3940
5877
2454
9989
6094
2955
2628
1805
5109
9921
4851
3565
2657
6330
9352
9627
2494
2244
8951
8793
7227
2509
4098
3378
5132
7294
2191
9381
454
3222
6638
6588
3870
1119
5046
8302
6116
164
5408
725
1786
2272
6830
8633
3857
7915
7529
1951
8244
6446
1859
3314
6390
5144
677
6570
4207
7826
3362
2268
657
3099
3969
6017
777
9738
8613
7295
947
2299
7550
1518
7258
4879
9814
1263
9146
9583
6055
7150
6183
4540
4696
6088
857
1303
772
9551
6079
5584
2513
4394
7577
1346
4396
5401
2281
8005
3895
6549
2548
5927
6707
5931
1847
4469
5490
6265
4415
4095
3948
6165
7254
1566
831
3659
7051
7770
1336
8152
6098
4607
7209
6178
8194
7763
6576
614
7700
4522
6163
4157
5544
5572
5947
1276
3975
9226
9459
6012
1676
145
3846
755
9667
9439
9605
3820
9910
5669
4853
8237
4909
4160
2246
4114
3770
1354
3563
739
1035
5503
535
4989
7783
9383
1379
8087
7491
6260
1371
120
4314
9724
644
2802
8502
4550
2806
5794
1435
4570
4518
1755
2316
8188
7640
2231
6877
8628
5717
9039
814
3702
1750
7614
5154
5624
1665
8507
3449
3900
8644
2432
5163
5247
1835
2626
513
7996
8714
5811
4589
5076
1174
6466
6791
3119
4983
6522
9267
6681
7060
5052
1116
2653
7484
1753
6557
7712
1682
3739
951
3497
1808
1306
4277
6036
5348
2438
900
9819
3502
4012
4472
2605
1161
6710
9047
4849
4090
557
8723
4108
3945
4046
1940
1937
1097
8296
246
492
8678
6213
6222
68
935
1668
7559
4536
7106
7159
9534
6131
3252
3676
8058
1480
1189
4513
490
1334
5900
7638
5726
8241
4758
2351
9432
792
5670
5703
8898
6268
518
1717
9394
7683
119
8091
4878
9706
4880
2902
8657
6920
5150
4047
9157
4327
1619
3835
5085
8074
2991
9468
2583
1335
4630
3451
7837
3581
1629
5002
8273
2570
7119
6671
357
2889
2137
2080
377
5279
982
2322
6585
3386
2988
762
4280
9877
2885
157
6905
8693
9391
223
7773
6185
985
3552
5974
1362
6224
3234
194
9945
8773
3404
8464
1197
489
5294
3202
4532
7902
5313
5024
3701
3227
2430
9469
9965
9956
9244
7643
9632
961
4894
9741
2303
4552
2099
3832
4129
6904
4827
8419
6690
5418
8843
1250
7135
9591
2987
3726
7461
7250
2205
4591
6704
4390
4192
8998
7987
3488
9133
4015
9229
992
1689
1660
3145
2296
2753
3906
5508
8452
9170
3784
1774
5135
6718
5081
6312
7974
7403
4056
604
4483
1196
9876
933
8166
9135
4243
651
3655
3291
9271
5267
4488
8828
1186
7078
2147
3988
1420
6827
4904
1603
2786
7813
1904
938
626
6137
5409
6660
3747
2139
6724
4234
600
3876
4347
3150
6746
7450
5747
2862
2384
6663
5881
5557
7678
615
3621
5462
3912
2690
3745
6640
8141
1493
5392
6668
9555
996
8480
1736
1997
1019
465
4250
6994
7766
3757
1616
1887
1415
9512
7680
4594
4717
8604
8572
3431
7620
4211
3512
1271
6578
7513
5667
6375
174
2663
6203
2706
7001
7885
6188
1408
2422
3175
8212
8247
3959
7923
2155
2445
8565
7195
3842
7128
7369
8538
398
1004
541
6879
1695
7971
4367
9018
779
1746
2006
1285
7406
169
2057
2931
4549
6503
6335
7466
1844
9851
3926
5028
1309
4835
9463
7317
9513
6984
6348
4965
9976
7499
3038
5888
3089
2149
9256
3873
5694
3192
86
9070
4884
6133
6038
2003
2381
5259
6470
9665
5904
6910
9883
5480
5197
5365
2826
7223
4490
9411
6288
3884
2758
7739
9625
1461
4917
3125
9600
7534
6306
7091
5047
2242
5896
1411
6085
6968
6436
3772
9798
7873
6176
3406
617
7109
4016
3375
4708
6258
4964
7863
2495
3158
7829
4777
457
6740
7500
4598
544
8354
4103
9245
9674
345
6639
3666
3095
6517
8722
6120
3250
2717
7648
8095
1870
3459
9161
1879
6553
2362
3348
6600
8365
2670
6254
1947
5924
3805
2529
7619
2647
2580
5236
2646
8096
817
3300
8190
6117
8750
4491
9739
379
4782
3498
7386
9948
4541
2522
248
2211
4712
8506
7185
2854
5548
4903
954
4564
5108
8453
9607
8831
8694
4363
7028
712
6246
2302
9542
7468
9970
1877
5164
3185
6546
275
1754
7133
1662
7520
9855
6387
7389
4628
72
9582
7130
8413
6061
3935
6076
6282
7672
9764
6057
9204
7899
8491
2275
9054
3671
90
7856
6395
8011
7074
4775
8890
1898
8934
2459
6969
1291
8854
6209
2585
4068
5850
7241
4086
3080
1962
4413
1095
6341
3665
5797
7346
2903
9420
6219
3616
6693
9619
3966
5475
8954
7830
9201
7523
5380
3964
7776
5391
6595
1707
8443
355
8747
3705
4257
7204
7671
6907
5406
6636
4973
1315
7646
5384
8103
2369
719
6526
2498
7031
7907
3724
3839
9975
8054
2828
778
815
6532
7618
647
9456
666
5938
7193
6434
2561
4408
1416
639
2349
8925
212
12
368
330
7449
9578
2193
4356
1625
4189
9759
2930
2031
3501
2485
2350
8567
9017
2186
6797
1888
8952
2729
9825
4529
139
6528
5920
475
1147
2661
7039
9182
7985
2471
2832
829
222
5288
7021
3260
9057
1259
2167
7172
9294
8218
7810
1979
3400
6023
203
9329
153
3826
2916
3289
9032
4725
3521
8616
6417
1029
6574
7948
207
6974
567
7202
5834
1068
7722
3506
3713
6495
6366
5631
5323
907
1972
5268
8973
6492
1410
8727
5612
8277
3641
468
1864
6084
6014
4168
594
8474
4700
5810
1872
5634
8046
2403
1596
4289
1829
989
3787
7580
6761
577
2963
8494
1120
3651
7169
9700
6383
2434
5040
136
7370
4869
7257
8378
9016
723
399
9205
5915
2132
3617
6365
8748
881
3762
4949
3771
5090
2187
9293
1820
9805
5220
6926
173
414
4683
8414
5918
9372
327
8670
1953
3647
3881
6716
5996
3594
9023
8661
7011
5280
9476
9186
3090
5034
7509
3631
9240
8808
6760
2997
3801
73
2313
2393
8923
6916
7665
4049
8779
217
2720
4500
1481
9638
970
2923
338
7626
2969
233
497
8972
8631
3046
8489
7762
3237
5953
2578
4586
7845
8978
2562
102
6453
6032
2076
5274
2726
5602
5889
892
3792
5814
8478
3319
5430
7893
8877
5660
1542
2368
1003
969
7407
5687
2843
8356
9122
3206
93
6889
3163
8590
3939
6360
9642
1132
9840
9262
8000
7958
2705
6747
3156
3162
2046
1475
312
1366
2692
5803
4296
5892
2924
6142
5642
8709
5965
1945
1146
2055
6039
597
8791
272
8924
8730
9761
3097
1287
1471
2892
2838
2469
2725
5647
2711
3058
8435
1624
1652
2144
7744
8545
6403
7675
5350
4401
4311
1439
5371
8290
5032
3263
8721
6651
8020
5718
6187
7858
6860
3307
9905
9177
1536
6354
7205
7382
6620
5822
884
6473
8975
9585
8939
4865
572
8718
380
9104
8309
1327
9832
3735
6697
6973
4298
9086
2984
5618
4634
1853
6056
6240
9153
1889
9801
4844
7336
9790
1963
2325
8776
2248
4392
8040
6900
5065
6207
1492
3507
5455
7270
3717
8463
4569
6606
8499
4380
6654
4374
9167
3524
7287
7269
5192
5760
5450
1072
3421
2009
8769
9278
1856
2712
9860
5839
7392
8844
1646
8325
6726
1424
9930
1217
7606
9036
3888
7436
8969
4010
9198
5438
887
1999
5515
2479
9211
260
3742
8983
5146
9264
1929
8625
4820
7099
276
3069
2253
9465
1170
9306
4734
6095
5111
1044
7024
8926
5903
6054
6729
7622
8615
9386
9203
6109
9656
9358
978
9014
1759
851
3977
9751
7340
8369
7510
7237
8422
9115
2487
3264
941
4816
5610
6044
1210
7059
8815
2861
2024
6975
5467
3334
2019
1724
1098
9949
1449
413
5123
5127
5470
5546
4521
9791
8857
5340
4136
5737
5535
4588
2702
7439
9388
430
3936
8176
1988
3558
318
4166
9637
6851
9448
6447
4199
6992
8143
4018
5852
9355
4615
6143
4551
5748
4351
5379
7414
1484
7076
9132
66
4294
8789
1045
8754
1693
7218
9829
5318
8612
9377
249
9310
7720
3571
271
7862
6631
1749
554
1840
6368
7938
3910
5141
9340
8846
6725
8274
2989
6129
442
1083
5184
899
8841
2907
1814
5101
3322
8910
8744
5907
5131
3736
1604
8995
3653
5930
8342
1292
1966
2198
9779
8974
2742
8333
2611
1241
4891
3317
1771
4542
4152
348
5263
9802
238
6915
9867
1307
1803
5174
6811
691
7771
152
5284
5332
2406
4926
5985
8124
534
3782
18
1505
5198
9227
8016
7207
8513
6195
6524
2575
8845
3692
9147
6331
9824
959
9544
6310
1996
8305
1600
5832
1227
2808
3336
632
6286
917
1598
9338
7160
3238
7404
5762
1138
9641
3891
5914
3811
733
6602
9809
4332
5449
3429
3012
6274
2807
2588
5441
3555
2038
4655
2298
2966
7961
29
2042
8255
5116
2884
3635
9068
4398
8642
7717
7960
7912
721
2005
2291
9423
3442
7462
9251
7066
6229
722
1671
1157
8597
8431
1508
6832
1510
4371
6944
5427
3950
8921
9893
1791
360
9609
7727
2188
6101
2030
175
5168
4807
6768
4629
533
3287
5152
2206
4115
6633
5187
5632
4840
8956
2896
8338
6371
1472
9140
4059
354
5216
3017
4194
3346
4190
6539
3107
1178
9748
2532
6618
7210
2440
8962
5461
4159
6742
1180
8455
1733
31
4297
8698
1225
366
8851
1581
1358
2451
8412
5195
124
2120
5745
2063
3710
6573
5982
1476
9098
5861
3897
2691
9648
8446
5678
8944
588
9175
7920
9836
8177
8259
3572
2424
9449
83
6440
8217
3828
341
5483
5489
7143
4779
9311
3603
1729
8180
6049
7767
2016
2056
7615
3440
9286
1769
32
8702
4433
2893
2240
4678
6936
6568
3556
7288
4447
131
8731
5961
2528
4603
9165
7877
1007
8932
7018
5949
3350
4331
2416
2312
7033
4460
8262
6520
3998
1002
2141
7104
2458
7506
118
894
5871
35
5207
1027
8145
8396
1052
8957
3483
3014
8970
6003
7504
1304
5707
4301
1627
9702
1393
1716
5599
3292
2059
3160
3169
5048
3764
598
5291
5452
2346
9488
6080
7141
4859
6480
1523
4876
4027
7213
9416
8327
683
1572
531
2013
8558
7871
5262
2801
4785
6906
7514
8306
8988
8201
8450
8315
5061
5532
8960
7547
1851
160
8562
4897
3006
2975
6276
9181
882
5542
3865
9436
8461
662
7844
367
1830
9654
9558
1551
6502
4994
5619
292
7602
4778
7764
2768
2278
4992
5301
3675
1293
5265
6236
8253
216
7526
8812
184
8376
9055
9951
3254
2194
5172
4819
1062
5626
3823
5675
1322
7374
13
4653
9744
6705
5199
8249
6280
9977
6271
7511
3138
944
1558
4388
3271
2401
9445
9266
4955
6699
2096
5359
2212
7768
7889
2714
7245
3960
2273
2746
7178
3320
2359
4568
8410
2810
3780
9612
9647
2182
7575
8888
9548
4173
3731
204
4210
411
9217
6376
356
5627
5451
1618
3979
7801
8833
5562
4451
1172
7621
147
5854
1025
7259
1663
8690
6374
1343
1799
7279
6787
4895
5658
3785
1957
2093
7014
5282
1690
3403
7230
2752
8183
5485
225
1209
3899
7713
6279
7184
7236
6952
2613
3079
2409
3931
5995
7673
6313
7607
2218
4979
4768
6743
3737
7248
6881
7825
156
4185
4273
1843
1219
9866
8042
3819
2683
2293
2543
3814
3105
8943
8488
5054
5725
1236
7508
472
5756
1317
6099
4237
2028
3557
6234
4341
1956
9880
1298
1300
6976
8929
2271
9006
4171
2557
5494
7688
7718
937
7315
5666
7579
5844
1256
2512
8948
3516
7601
8163
5683
7025
7644
1686
7256
6410
569
808
6530
3526
3298
5074
5895
6296
3073
2922
2501
427
3922
9629
2778
7226
5729
7421
2179
9681
311
3927
1456
2816
4089
6275
7861
3209
5312
8208
635
6919
5137
6733
8637
3401
7164
3611
8650
3680
9723
5083
8636
5565
1187
1265
8621
4721
4383
9991
6171
4054
6622
7194
2555
1082
8765
190
38
9073
3864
3368
3305
5828
8594
6196
9437
5404
4813
4980
1709
2329
7785
8641
8505
6820
3657
2320
7371
6037
358
1501
1360
7344
4739
7930
7126
9317
8780
8200
8728
3174
4537
7423
6346
4359
6108
3678
9026
6463
8367
8447
4278
1761
3660
4496
2735
9822
2356
8787
6323
1149
2183
1745
7887
8175
8018
2053
274
9412
9596
4421
2900
4825
1772
7805
9486
5601
6324
901
9077
1421
7192
7267
1861
5448
6290
4477
8576
4381
5519
520
2996
3743
8759
9308
9613
2675
1961
5919
8107
4001
623
5169
2590
4406
2376
1235
1743
8577
4319
9812
6664
4943
8003
653
3668
3982
5702
6566
6457
8214
9356
7357
3270
5228
6432
7627
7426
9581
9078
4722
4829
9121
2052
1488
5812
7578
1075
512
2511
2602
6255
7590
236
9538
3748
9042
2189
7020
8317
6097
82
5130
2415
9502
1575
250
2100
5684
7307
6515
237
5261
2033
6962
7103
5145
3246
5447
3480
2699
7933
8770
1158
9815
4692
4218
8664
4202
7565
2831
7943
7252
1185
7853
7842
466
5956
7146
9770
1159
2396
8148
2609
3355
1553
8626
6903
1679
4864
5723
2124
3523
7932
7489
4543
6837
2821
1910
845
3537
4355
9952
7097
2639
9168
1511
7498
1486
1021
9725
4354
2968
9842
2733
4158
8589
6444
5328
5785
3193
5354
9214
1923
4180
6669
4132
8697
7816
9451
6675
861
5620
8999
1620
2630
9457
9309
6981
4153
4650
4179
4041
2343
673
7999
5330
9807
2927
6812
4439
8515
4287
6632
2204
8588
3427
5999
133
6264
3719
9630
8672
4999
71
872
100
6089
2595
9399
7478
735
9321
8937
2341
1763
6358
6407
8196
1405
7650
1756
6931
8360
8153
55
1367
4713
2010
1099
3438
3963
1395
8568
1513
718
6959
1705
6431
4565
8646
1232
6208
6637
9316
5021
333
7953
7908
2161
8468
6708
7351
4175
5269
4839
563
9940
9277
7094
1890
4419
3462
2569
2664
9327
59
5053
700
188
5078
4426
841
3083
7815
9936
2672
6060
4063
8660
5504
1532
991
6645
405
5099
3117
2443
5582
7022
2181
1273
1919
1858
9528
6741
9557
365
2284
1781
4387
9810
3918
4511
4128
9671
8810
7402
9804
1612
2554
3109
8640
7881
3276
1832
7662
5395
5522
3610
7068
2340
6479
6796
448
6717
7632
9925
8092
6420
6596
4674
741
8531
7032
7396
5690
6945
2482
2515
7624
9238
5218
746
3607
6442
4858
286
8752
7390
2037
1778
3738
2128
1270
1100
2680
3882
1541
3813
6855
92
4563
2792
43
2071
3612
9886
187
3661
8364
2292
8427
8470
9968
1948
3102
6869
2118
6772
7613
2463
3525
4950
8371
3194
8151
4962
7009
7831
7320
2540
6317
3419
5640
390
2335
176
6956
7281
3273
8257
4423
1093
7101
6406
5837
5862
6689
2614
9484
8823
252
9134
504
346
2525
9500
1201
1064
1377
383
8135
2014
7029
6658
7926
1583
2287
7864
7729
7486
4318
6732
9360
2064
7905
121
5346
196
8896
1130
7180
8393
4662
6150
1319
5001
3824
9385
8174
6619
1451
1032
3513
9415
6472
7874
9713
69
8119
1964
9328
3816
672
3733
6359
713
8805
6821
7431
3530
9793
2126
7731
6474
988
9523
6930
4584
263
5538
230
1605
3104
8382
1341
4239
611
7435
3804
6635
6535
9125
3166
1423
7361
9912
8704
1539
7975
9862
4092
5383
417
6182
522
1878
9597
3955
7006
6527
331
5819
8863
7419
1230
1991
7105
643
5381
8380
9259
1949
2919
4303
6381
8465
6370
9552
6122
6077
1468
7481
4109
6541
1188
3065
4476
926
4119
2114
3144
5897
127
1387
3490
7110
3716
8853
7479
2412
1092
4478
3753
7428
2858
9826
1590
9191
1826
2582
8566
6665
2040
3995
9918
8564
5022
3706
3582
7742
2232
5107
4676
5574
564
8782
6714
4263
1339
2266
2771
304
7552
7760
2979
6015
41
3004
5859
107
6629
1233
4146
3321
4300
2666
4107
3983
6649
4887
6996
2054
559
3009
695
5096
6251
6540
9050
9265
8121
8790
8861
5847
9477
2154
5841
3331
7574
5063
4025
3167
8659
8755
2371
9318
3028
2176
816
7972
1974
1860
4253
6199
4058
9520
8445
3550
6458
7883
7238
2433
4075
3944
5498
5759
5210
3725
4073
3868
5097
1049
5283
3487
9844
8852
5820
2109
7982
6073
2500
7015
8251
5750
4587
6493
2998
7710
1549
4328
5893
4333
4732
2004
2103
9833
5954
4561
1011
4313
7482
9644
5770
9890
2334
5232
3057
3137
1869
4212
783
1040
5149
6005
752
5385
4055
9562
656
7301
9522
326
6763
8532
5158
7779
7900
8624
6579
5957
6018
7967
6013
5709
2158
1441
5060
2787
593
1220
2259
671
4738
5496
4028
6285
8783
3858
3354
545
3129
6980
550
6807
7056
5396
3155
3508
8662
6156
2912
4626
4304
9914
7114
7537
6694
6243
679
4167
946
5697
19
5412
2696
3896
8712
1376
4260
8094
5527
7715
9616
376
7470
9933
3693
5836
8711
7153
1355
568
2029
1752
1091
9887
4455
908
529
8872
9325
9997
796
2243
7398
4256
8126
7835
6673
2538
6978
6424
9013
4990
1638
5648
4228
8524
9429
5189
469
6124
8512
3499
4762
5821
6020
3183
396
9990
9683
7217
3942
2300
4336
4343
6497
4143
8786
1313
4214
2043
5592
4362
5883
6859
9478
1351
1881
2943
3518
2423
8936
5366
2868
627
3592
4660
2891
8191
3360
7600
8100
1698
6455
4623
9138
9435
1470
3623
3200
9979
1490
4191
4162
2238
8517
1328
5860
5940
6294
7175
5604
1959
7432
129
2457
6487
3482
1447
8009
4031
2066
6303
3546
3984
1231
3370
6277
4030
812
7196
6853
6321
9643
4922
4530
3371
9350
5994
8339
5303
2888
4867
481
4110
6766
6154
9405
7158
8222
2560
8772
7684
9105
9441
3871
9678
2594
3016
6157
4525
955
6141
1417
9180
3624
2688
6957
34
193
1694
2190
1645
1350
8809
8516
257
4901
9731
6449
2380
7485
4771
5151
7299
9127
3093
7177
8459
867
8908
9797
5657
6402
1825
1564
9736
726
3103
4809
3575
608
4131
4414
4429
7262
7743
5072
6087
4988
4963
2822
4442
994
971
5006
7708
4649
1272
7693
2592
7095
1349
2258
5997
2914
591
6695
2824
7174
3637
5036
1560
8355
1375
6757
5104
1427
8001
4912
8195
1819
9573
3831
1031
698
4611
8638
1544
4923
3788
1363
9928
8345
5219
1426
5148
214
6167
2689
5252
4124
5281
5866
6525
6130
8066
8184
3751
6598
2880
7687
4375
4034
5358
6062
3961
1807
3630
665
3356
7062
6093
6537
2358
2937
7111
8710
3026
5014
6149
6608
6386
4026
5641
5874
3051
7587
1640
4638
6259
9124
5969
2867
4826
5004
599
9454
3363
9565
4952
3127
4957
6713
4946
3032
3217
888
6499
344
4309
5030
5570
4141
7138
6942
6443
7741
6611
2573
1162
4397
1584
2453
5062
516
27
2673
3729
4510
5706
103
7410
6456
369
548
4727
8561
3323
387
8665
6505
9961
4081
7642
1918
8275
3535
7268
9258
8263
7173
8680
8878
6798
9343
4495
7772
89
3072
3812
7503
1485
2830
2107
7438
2713
7085
6792
9010
3426
9872
7244
5933
9301
1559
7701
8634
1305
2355
5272
5929
3744
6738
7003
6599
8966
1302
3808
5520
9232
7582
5540
3106
7790
4492
6349
2265
6409
2756
2499
9935
7811
5059
7685
3843
4137
6119
862
322
6901
9162
8258
5095
6389
5020
8551
891
2760
5512
2883
7836
9504
2145
3519
1301
6575
749
5094
3232
5815
7337
4796
4975
1474
1930
4485
1295
9505
1985
920
2106
1602
7995
9980
5978
1634
2283
3212
4449
6799
9969
8134
5070
8713
2897
2737
5665
9252
7459
8862
4682
1838
2466
1613
5740
9489
9149
1333
5353
6786
6706
2160
6728
186
9303
4528
7634
3059
2940
7311
6561
6852
6913
3039
850
2363
8028
8329
7057
9663
6384
5577
3495
5140
8157
9634
8840
5468
3369
6765
7333
498
4120
5539
5502
5390
7663
4663
198
3879
791
3825
1152
9589
5434
3809
5922
5349
1131
4567
7628
5317
5296
774
3382
9380
2656
8981
7136
5113
5023
9857
3707
6053
4579
9501
5705
5055
8583
6347
6319
2389
8374
4572
2789
7928
9250
1296
5509
4602
1008
9059
949
950
1238
7190
9571
8959
8114
4920
6803
3987
397
8688
6356
1547
6019
3599
4099
7752
4083
9060
8501
4254
4014
7891
2418
2461
6115
8193
6624
9166
4573
540
2977
9246
2890
351
7323
8081
206
4694
9652
9927
2468
2911
2668
1381
6011
5625
910
4045
2342
9424
5225
8795
370
6749
191
7540
8916
7774
5495
9913
728
9527
1117
3417
8675
558
3978
5593
964
8169
301
3585
2427
1023
4914
730
3718
7841
6943
4315
8047
4893
2577
484
2214
4434
965
1846
2375
1606
3338
5386
1615
8717
114
7161
5315
6589
1342
6784
9101
1952
1722
7463
7978
5422
2567
8295
4484
6961
9658
1213
9636
7353
5056
6284
8818
9861
7686
9474
5716
526
5327
6223
7904
9410
876
7669
9757
3113
6329
3467
5153
7206
8314
4221
5774
7102
8860
4106
1760
2855
1115
7487
8031
3974
9447
4290
9193
1744
1111
261
6556
7098
2456
7732
6350
2000
4223
7793
5863
7291
1193
2848
5677
864
1702
7756
8320
5818
2492
9312
7211
163
9384
3570
3561
3387
2065
6211
4974
8580
1243
2899
4595
4404
2225
4913
2044
7517
7661
2871
7442
8424
5942
7549
5902
6026
5251
2467
2643
1065
7356
5752
6688
6189
8349
2749
8462
7515
4105
2708
2113
532
4255
4514
4728
2153
3306
871
560
1737
6047
2175
3815
5439
7183
5911
3949
7069
4862
9737
8523
9402
9992
7603
5550
9196
7408
3933
241
183
4705
5680
5835
5681
1465
3007
7475
5869
3223
5568
5849
4323
3992
4604
919
3915
3085
9993
4050
5433
4770
4744
9368
7142
694
4985
182
5436
3544
4641
7970
2960
5325
2135
6486
6435
9499
8457
5334
2834
6103
2676
2901
6151
1977
499
4504
3601
6998
1875
9037
262
5119
6320
4544
7527
4557
1580
6287
9729
3708
8708
931
9387
7067
352
9430
9079
511
1917
9462
9570
6909
5124
6030
566
1020
7751
4000
873
9577
1787
3188
8996
8870
6392
9152
3527
9863
5622
3990
7641
1268
8260
649
8245
7832
5125
960
1199
6603
8358
319
3190
4450
1073
8331
9009
7276
5086
2818
750
1546
8099
1855
760
2957
5664
1269
1444
7372
1079
8344
3159
9426
8024
97
2921
4386
6582
9525
2894
4378
7115
3248
6498
8116
6866
1741
2162
5715
2345
9330
1357
7691
9220
6006
4219
8171
7681
8788
8801
2470
8599
6587
2648
8654
1137
9322
9366
5394
1732
2879
6369
6231
8645
9091
4613
5939
6873
9370
231
6534
4939
167
8097
6586
5308
4134
9028
3528
763
2608
9922
1058
1462
5311
9215
8802
8399
9233
3925
579
9248
467
9062
9622
1094
6990
805
8123
9275
9831
7955
2226
6868
9272
650
1248
8319
3723
865
6890
3602
8417
3353
9899
4438
8353
9780
4559
9553
320
836
9413
9304
9273
9794
6563
5872
7456
2260
6816
9236
471
9038
8156
3468
9670
7653
8421
9202
4978
1504
2645
7079
8917
1353
7759
9943
3251
5271
5321
1234
3923
854
715
7383
1009
5712
171
4271
3130
7332
5008
9243
8774
6159
5566
5038
4610
8947
7362
3589
4096
8611
9344
5287
9354
6022
4699
6987
9568
7338
3134
1975
9515
2227
9492
3696
404
1281
5937
5419
9722
7216
8699
2840
4804
1198
4377
470
2062
2339
620
6662
3132
9313
8627
8234
3168
8832
8689
6413
595
9279
1506
8308
39
1522
6594
5342
2851
4635
5948
582
3898
1674
9067
8928
7532
6118
4790
8705
4348
1144
1
5373
8048
630
2166
2169
6192
9097
215
9148
5009
3019
415
5840
6801
2477
4556
5510
4886
5773
4227
9996
4539
8170
7325
2571
3446
8487
3540
5442
5171
6009
2533
5964
21
1459
1063
4772
804
5637
4905
2216
9823
7992
8938
6892
4246
3064
4754
3654
4837
939
9395
6491
2390
8347
3053
8109
3225
7394
8469
1712
1954
4546
1500
3100
7563
3841
8643
5224
3214
9003
134
2519
4350
696
2856
4345
1905
3606
8044
7302
8149
705
6315
2637
1056
6135
81
8250
6043
7445
3711
7117
4235
8560
9481
1608
7748
855
2045
3067
6824
4225
5700
2289
6836
477
9661
9292
7034
5367
8533
2695
1043
2933
5202
7850
8420
1617
7875
4720
5474
5543
1223
329
3728
5357
5765
9870
880
9118
7235
2150
5402
5998
2809
8401
8301
9606
2866
3672
2814
6170
6361
4264
3196
5507
4741
3443
3229
3050
7857
9584
1818
3408
4656
6864
8231
8540
7010
5482
764
5314
3759
9546
3929
8022
2536
2285
7379
1059
766
1968
9019
3390
26
4133
7818
2060
9633
510
2925
3533
4526
3434
4422
7131
1552
7572
6657
1831
6719
8992
7335
2256
6045
5754
701
5122
7726
8686
8648
4545
7492
3807
8563
5239
340
7467
8036
9331
178
6691
104
1591
7917
2288
8466
2644
8168
825
2247
9150
530
5923
6552
5066
3887
6325
4232
1995
7535
8976
883
7839
9218
1611
8761
7447
1398
308
7973
3187
6630
3416
3290
786
1373
5375
8838
2980
300
7660
8892
1899
7002
4882
4337
4306
9711
7753
570
4384
5693
2978
6937
7957
4452
823
5142
3411
6722
5876
3040
6966
3800
7609
7012
838
4051
5245
9151
8585
7125
2679
9941
436
9184
314
6184
8835
8525
4230
7156
6802
8778
9107
5157
5783
7446
199
8905
8593
523
6063
3810
4697
7570
1156
6007
3224
6850
2844
8053
6427
8856
3447
1526
1278
2558
618
9517
2209
3341
1048
407
1654
6328
4646
422
697
1290
5015
6152
2331
9178
6897
3908
9247
5605
4117
1998
7851
3420
2476
8069
4023
7598
1928
6666
7677
4410
3997
7631
4794
3082
3509
5944
2632
9408
2151
3907
737
9628
3972
7787
6452
2388
2490
3894
9346
1789
4213
7019
9677
674
4574
389
7682
6174
7882
4209
2327
5336
9834
1578
3629
9433
3485
2357
8235
5491
2297
8811
7465
8867
7854
5413
4888
5173
3913
6646
5848
3662
8198
581
6735
4409
9847
8078
2535
5935
5645
9470
2700
5908
9496
5080
9772
7261
1014
5415
1142
9563
2793
7690
4005
1726
2625
9917
2136
8508
2472
8484
9075
6081
3750
5058
8804
8742
1409
1599
4489
2237
486
7802
4382
6065
6074
3045
297
5552
339
6555
2510
6736
668
7536
636
6949
6885
5374
9084
2839
8089
8528
406
2698
7505
7656
4907
1903
8486
8762
4111
2681
6700
6933
4718
8172
9128
2143
440
3776
5595
7941
3684
1874
1687
4208
9666
1520
9319
3934
7934
1524
6808
7049
3110
8933
6775
1028
117
444
9004
2915
9393
6233
8102
6884
7417
4729
3151
9364
3489
7452
3453
5215
1438
1530
8298
9983
7400
7249
3091
8495
4424
8539
3541
4889
3345
2323
4459
5989
2122
4395
418
8403
1849
3560
8968
7443
4196
7528
8681
8386
2604
6490
1352
1516
4436
6362
1403
9213
9428
2473
8798
8529
8312
2085
8283
4601
2221
7247
9335
4606
1672
8541
6040
170
5732
5763
3761
4176
5991
1554
6536
6201
9994
9664
3597
1390
1900
6692
9696
3302
3803
9072
2759
9697
3889
631
5526
3199
1202
5521
6352
8064
4364
8685
2223
7876
8115
9782
9400
9732
6261
1112
5676
6467
9498
6597
1380
205
6898
3122
6844
1790
1715
589
8112
7870
7378
1636
2070
5139
1282
4432
7040
2649
2781
9787
3532
6698
776
4657
1569
3793
353
5472
4861
3461
5347
1894
3834
8321
9554
3586
4475
9604
2565
7911
5068
4116
4002
6642
5721
9315
1089
4391
3
6214
9707
2200
4149
9662
6477
431
37
2596
1973
8715
4307
6734
8592
2623
7991
1725
7255
2780
8368
2220
5561
6225
2269
3241
929
9404
1432
2913
2082
3505
11
9817
8161
9852
4013
6337
6206
63
2967
9747
5689
5481
7886
4781
8498
571
8885
5196
8271
3775
4195
6938
10
5363
1088
7595
9090
6106
2932
8045
754
7116
2547
1085
8418
7038
9635
9453
5955
8057
5275
9755
6960
6181
729
3211
8288
2564
138
2112
1515
5182
4467
3295
1203
6846
9971
7888
4938
4172
7909
1592
1681
361
493
7145
2419
1708
1531
5817
7096
4321
9957
4745
2385
6138
551
6972
4590
6001
2410
5588
2581
3361
6024
4430
4987
1103
4797
6318
648
9953
4275
7043
4531
7368
846
6172
7355
5971
9129
9530
2593
8282
4147
9838
9811
8620
3349
2638
9752
2400
9672
2502
9871
5018
2084
6033
6650
6034
5708
5356
9704
9257
2491
2304
6751
3198
7769
5746
1824
4038
5240
2784
8573
5596
8945
4269
8108
195
6344
5868
2634
3958
4017
6164
6519
6891
255
2763
1848
2774
7455
8913
1067
3178
8536
7121
8732
9796
4875
8703
2800
2294
1258
4647
2199
7188
7989
4639
9461
4811
6682
4279
8292
7576
1125
9937
5484
9813
7794
9001
5943
8819
8085
2857
7050
496
462
382
4231
1467
6299
3643
9800
2850
1534
8900
2757
4340
4993
921
9131
1321
6922
4958
1175
4295
3632
148
2904
9873
1384
4971
5769
4624
821
3608
7229
5629
1828
5741
3142
2881
8243
1739
2425
6867
451
6232
4265
6227
9602
8555
1942
9514
7702
2882
7453
5013
4679
5437
3851
7906
3721
7698
9610
6123
6924
9792
4799
4654
123
437
8826
6878
3740
3496
9966
9981
500
6822
6215
5727
502
8476
863
8894
3215
5686
9052
3092
7692
375
4740
2174
1700
3181
9624
6220
6617
3147
5435
1587
6701
5226
6327
5580
6756
4691
1200
4066
9889
7865
1628
2795
3311
5959
9878
2704
3111
1773
8814
6932
501
1601
4877
4761
3036
3946
8416
244
1521
3123
2985
8063
8987
5691
6351
7016
9471
6934
6564
8140
8303
6795
1418
9296
6082
6918
9816
7375
8874
5165
6865
1582
6378
538
1224
1195
2526
9894
7345
7647
3781
7740
6512
2130
105
849
6136
7360
3374
8448
8629
325
1594
5807
8993
8425
2048
8165
543
4494
2762
432
6993
8701
2928
4468
3850
3874
111
5180
5500
7659
8385
1155
3208
6357
870
8392
2324
4266
6771
5514
9458
2769
3749
5045
521
731
8050
4258
6249
2192
9111
4379
7931
8850
9942
1670
3152
9268
235
6252
1946
8375
1450
8239
8869
7636
8601
1086
1090
8609
2707
4996
3452
1325
3364
6911
7280
4841
9475
8582
1955
2812
2058
2779
7030
895
4755
9715
8210
6342
3993
2185
6523
3444
7358
9946
2352
2777
1018
9
5424
555
914
8764
5454
3439
4748
5742
4900
525
4021
3836
4627
1134
7567
1440
5505
7696
7723
8313
8504
2537
770
8836
3210
9116
6927
3343
5585
790
4527
953
3914
802
3909
6875
5639
3060
9493
9490
2869
2514
4224
7784
7272
9431
9323
923
4642
4976
1279
1143
2906
8326
6127
1211
6202
7949
6670
780
3377
1077
4833
7583
1401
976
3236
5650
717
7998
5784
8035
2946
7008
4507
1692
4458
3622
3973
9192
1034
9064
305
3020
7777
1446
1136
5887
106
154
5333
8751
3282
4776
3000
9194
4154
8667
1983
975
3313
9885
2730
7412
1370
546
7148
7384
4636
5322
4061
3043
5223
4868
9884
5105
3219
8070
9033
4087
1414
6721
4823
820
9442
3937
877
5440
5925
8221
8456
4479
6601
8391
3626
7334
4233
5156
5309
3285
6367
6641
575
8663
4715
3514
5867
7922
2117
9675
2682
8106
1239
7151
3255
8907
4583
1237
4261
8859
5950
2721
8571
2364
8207
9093
1389
9740
8537
3663
7588
8297
1621
828
1593
425
5217
4020
6300
4308
7086
1448
9109
424
8189
5865
1936
3590
5170
2249
2740
2383
6408
5035
155
8144
6029
3727
5031
2842
622
6507
1927
9892
4751
9212
798
5306
8530
2319
7834
5026
8281
2576
859
1969
9621
4533
4373
6583
744
3173
5630
2847
1912
3595
6397
1466
2667
7471
628
2474
284
7703
2315
7568
4325
6216
5050
7350
7546
4787
7286
8554
7497
601
9668
7087
3008
4967
4242
9089
8989
9916
8229
5545
1788
321
3456
146
8390
2617
7290
1066
28
6140
8122
6244
1656
9376
5043
822
6450
9575
6923
6550
3941
1758
1562
3755
2104
9827
6825
757
4746
374
6715
1204
2032
8363
50
5656
852
7233
162
6849
2049
429
9222
5
5337
1938
9076
2460
7645
922
7725
9653
3288
2478
839
3863
1126
5855
9123
4316
9639
5513
7316
7649
7894
2439
736
6655
6506
1013
258
76
8511
2654
4150
8164
7415
9287
1633
48
5234
1740
4953
6833
2747
7251
2755
676
7781
5533
8162
7260
1839
6114
3293
7788
8777
8294
4792
2344
1453
932
1680
2505
5635
8746
1310
5084
3687
654
2215
7215
9299
4753
5051
4670
2601
5453
2732
8361
4335
4902
7599
1873
5398
1637
3149
5299
8623
8605
9069
8454
1924
5970
5049
1345
5884
5057
4523
4730
251
9701
2146
4609
5077
8651
1104
3393
1576
7318
7327
9269
5771
5761
8606
64
8575
302
1312
303
7755
2165
2815
8052
3203
3148
7430
5825
2785
9720
9276
9144
6253
5039
6839
1330
6954
3143
9414
811
8167
3359
6125
3424
5082
2568
1255
7070
3989
3548
1710
1166
9020
4329
2671
576
6008
5411
3367
2307
1810
8876
4814
1540
5663
9535
4085
4365
3075
3030
9382
4393
6332
3553
5471
8098
8209
5979
2766
5655
2527
503
837
6067
5829
7901
9305
508
1280
4403
280
5636
3061
6988
1809
6069
793
2687
5875
5277
8062
2600
335
4443
3481
9058
2305
65
3274
56
2230
9083
4743
8055
9875
6925
7761
9197
5652
8472
1151
3312
277
2610
395
2002
1069
7495
6092
5921
5564
9450
5458
2770
9617
8550
7525
4091
9280
99
363
4944
5486
7951
7242
7458
8886
6785
927
7246
9595
8023
3943
7968
1252
5524
1512
7872
6659
9421
2455
3869
3428
4673
5614
2835
5598
1078
3357
3165
3968
4069
4506
3399
5289
2678
3041
9540
478
53
2067
197
4784
5102
640
9960
1429
9030
3425
505
1181
8946
7827
2462
948
1177
2823
3549
9549
9776
1133
324
6113
4457
6940
5796
6102
9208
7898
6405
9095
8581
6266
2875
9580
4959
4658
3465
6529
2068
1780
5916
6902
3862
1084
3081
8821
6400
3218
9409
5362
3625
7198
2635
5166
8429
3179
2483
2727
7411
115
6941
602
3397
393
9839
6289
2738
4048
6422
3304
6437
2642
8509
8684
1767
267
210
2074
5758
7792
7705
3383
3994
2783
3849
8931
5913
4709
3609
7048
9803
1816
9242
2619
4689
4505
3878
1397
2836
8334
1782
2599
5425
3985
4843
8330
2311
452
7488
5899
5809
1845
4566
8914
6863
4503
9015
945
806
2936
7555
1184
9005
2007
7679
6804
2078
2640
6626
9608
6888
227
5589
8147
5211
6494
9228
4702
2001
974
6283
5167
1557
7122
1108
1892
9958
4060
4077
4079
6339
539
6270
5205
3418
748
9357
3859
5710
6100
7263
6489
9640
3157
7171
8610
6235
8985
629
6158
5734
2865
3388
5326
8379
1183
2314
4284
9206
6501
9332
3380
9655
1783
1076
8547
1507
2655
1804
8556
2083
1993
8291
6144
2956
7118
3344
2938
3415
232
3258
3084
7305
8766
2123
5842
4800
2142
7809
3339
1087
2776
8065
137
8041
4305
5576
8980
1920
5782
4871
2282
4614
6569
5777
1649
4067
6388
3088
1931
1434
8595
1623
3112
1934
6986
5885
5813
1989
5420
4174
3769
6542
3269
4140
3240
4690
6678
5659
7201
391
898
6425
7366
8223
8310
2420
3486
4597
9043
9531
2417
3567
5429
5235
3522
200
9298
1496
5027
1050
799
7397
8871
3583
9939
7300
2566
833
9221
9389
5757
3947
7147
637
4186
4520
4446
1326
7424
7560
7231
9603
5126
9687
6345
3115
8990
2026
3700
6605
6935
1494
5992
1228
9985
998
4984
6004
4910
125
1897
4560
7952
9959
7107
5882
4640
1984
54
9924
1932
5549
6197
3703
7385
9012
4860
2261
2426
1721
8348
2172
5967
2276
6780
309
9359
1262
2954
6242
5787
9821
5583
9541
6377
5250
40
1042
3296
9967
7566
7820
2874
8527
7986
4830
3243
1385
7585
6504
1907
5382
1469
8967
5597
7946
9444
4139
906
8497
3578
8725
6883
181
1107
9592
9699
3903
1568
2508
8187
4402
8318
8596
3577
5300
1610
5646
6848
4736
5934
4924
7945
9590
813
9788
8033
2387
3722
5779
8922
9508
4752
2674
5672
7080
8739
5292
8192
8335
690
1005
7359
2895
3568
4883
1714
3220
9379
4585
4101
2920
3299
1106
4842
5460
6086
458
7199
2184
3554
5851
8357
8734
2748
8061
5594
7542
9978
2629
6090
6107
1128
6899
4578
3720
4082
5432
1240
6829
464
797
2228
6854
5445
684
7352
7457
6593
8803
2898
1036
9718
5316
7044
1986
9160
8949
480
8740
8879
5963
4855
669
1173
8619
4156
5613
6485
1001
4310
4251
7072
4554
7674
979
9986
7676
8272
1802
7331
2027
1659
7959
1891
3308
5446
4320
7544
7341
7232
6072
2983
1911
8206
5260
150
2796
7890
1723
5230
6302
7786
2739
1812
9464
3325
7026
3037
7061
4803
2493
6559
1854
3070
9567
5159
8891
7329
3268
8930
2402
704
362
2274
866
7524
3644
1110
2081
8132
5808
6146
2373
6168
5193
7454
2236
940
6661
1815
24
641
4465
4293
2391
661
4885
8014
2431
5638
4932
1017
8337
4997
2849
8799
1916
7477
6250
6334
5713
9516
5649
3445
6111
2079
7966
4866
4680
8873
2551
1866
9274
3845
4029
8986
281
4288
364
1378
9112
4947
9002
2429
869
5559
7324
5674
1080
7747
7308
7313
8552
1226
5853
6950
515
6745
9099
3204
3309
2935
4698
240
5428
847
9467
9726
8220
4352
6205
4220
7936
8406
2286
7927
3491
403
9367
2094
9660
5591
6078
7733
4342
2631
8071
8868
4512
2986
7322
6656
5273
3682
1037
9100
6703
9230
8444
8154
2367
1407
3124
9735
4937
3844
9599
6615
2845
9524
7895
8668
7564
6059
4216
5464
9029
8300
130
1331
7271
6221
2156
1727
995
2245
4763
4970
426
5178
6496
8941
1699
36
4178
7950
1543
1277
1464
4834
1857
655
3448
7878
801
9645
1644
6548
9494
3478
3648
8635
6774
8434
4286
9163
8741
4789
3714
2813
4464
460
580
9130
3520
143
9895
8735
8757
6551
9758
9491
5191
3954
1589
3161
7388
3818
5121
8270
9210
1316
5870
4600
9982
3999
3848
9911
5528
5806
2521
5319
5466
2841
8927
6584
4188
2051
3086
7541
5339
9561
7924
8753
8311
2908
7604
6002
3591
8332
392
5843
9241
6421
4226
30
4201
7266
7944
7303
4724
874
2092
621
6895
9188
1703
7593
1249
6977
446
3938
4757
4497
7084
2015
4053
323
6028
4097
1813
5369
9022
6134
7822
1666
2886
7990
5492
5890
3855
1041
6676
7695
4065
5129
1437
6842
3365
2250
7220
905
9769
2386
359
1525
3407
4270
7240
4934
5679
6021
1882
3469
4062
1096
2794
8388
7558
1527
689
5335
5118
6257
710
6951
549
7200
800
1275
8160
7956
5617
4130
1821
9987
5186
1768
6939
2254
3021
9136
5873
218
9708
8159
7354
112
3766
9705
8449
9999
9065
1340
6291
3395
8299
5478
745
4991
9300
1498
7617
8093
8293
2180
7855
5975
6806
8964
1579
2277
8346
7181
9938
720
8387
4555
2805
3071
6876
4854
5393
8830
7538
4872
8366
6610
727
9532
2087
8733
5644
5615
1267
9651
1452
7054
7071
3797
1711
8639
7312
3176
1337
6843
2241
2321
6112
4612
7808
5824
9117
7451
819
3413
6218
6
5417
4145
7007
1626
1577
7170
2709
5231
5600
1673
4440
4312
8500
2338
9774
1150
3249
5986
2939
6543
8038
4668
832
1913
7
109
7053
5766
3216
9712
8051
1176
384
693
2073
547
519
962
6194
3376
6872
8977
8030
9418
3783
2336
4361
4138
5297
8019
9295
165
6789
3197
3691
5376
3473
6838
140
2219
264
290
7328
3048
1573
3278
1734
2775
5688
7348
3920
7616
4071
2597
3640
9963
9281
7176
3531
2378
1701
3391
4661
6702
6035
5799
6908
2724
3741
9141
4824
2531
3372
8745
9249
8692
2905
1862
856
142
6105
4911
3902
3615
787
1865
8720
527
8673
8691
1563
6308
9045
4482
5304
4072
9253
6683
2465
8586
2197
4731
5864
98
7800
9351
4169
5778
925
2731
9923
2659
3919
6983
1260
687
6411
6364
5554
8542
5789
1748
7416
9224
3077
561
2754
2790
2958
7846
3464
9347
7214
6419
5586
2972
9179
9199
1960
7843
3284
7166
239
7005
8784
4711
3840
8548
408
2506
9623
6256
3275
1118
4908
8553
967
8006
8256
4416
1766
9754
7309
2496
3226
5360
8067
3066
9778
3136
310
1921
6628
4435
6995
4972
1445
9446
4945
3029
9837
3315
7610
2677
7869
495
8372
1976
7637
5136
2970
7571
8088
298
9539
6186
711
3634
4215
1402
3683
4376
9341
5351
3627
9374
6917
2523
8768
7897
23
7981
4360
1642
6929
4033
9773
3930
6964
4605
1713
459
2553
1738
1827
9721
6237
3970
4183
4163
3880
7380
7937
4240
5886
4810
4918
4353
2701
273
9932
2541
6051
3791
1396
135
6239
7976
983
5069
1796
2163
5188
3730
5229
1495
9254
221
7349
3500
8076
2017
2178
4369
2207
7983
293
2982
2718
3536
6423
3011
7655
8677
2270
8903
7611
1169
2108
6778
8128
6591
3579
9025
7100
4704
844
1491
8110
8015
5628
8781
9334
6430
1251
8423
307
4806
1455
180
2949
7265
8901
3324
2208
6856
6531
1359
3957
3056
6204
5587
4241
7551
5993
6292
4766
5185
4773
1684
6752
7013
1811
9427
9040
3847
3763
2069
5720
8737
2517
8490
201
685
9174
6834
5695
2497
8521
3033
4870
8473
6433
122
6293
6805
5501
423
2072
1246
2365
4052
60
5898
3642
3503
7757
1368
4344
5962
2382
8918
6604
7502
247
3779
9786
409
6267
3588
6066
3154
5087
1950
678
2222
5973
1886
3330
1374
1479
2328
6333
605
4798
6533
7381
1473
7219
7139
1731
44
7297
9611
2876
6647
1422
3146
692
8655
3186
1433
439
4659
1425
4645
9113
2650
8307
7077
5488
5558
7433
4941
3385
8695
110
3650
5331
1871
1406
5352
8415
6210
7326
7916
479
9397
6753
1164
8120
8137
6451
573
3470
4509
4933
5633
7228
2734
3767
4272
2348
5714
6794
5387
8129
8603
3538
8855
5016
2971
1499
8430
4767
942
9745
3294
7167
3261
740
1895
5682
3280
843
6997
3410
1834
4899
2736
177
3790
2374
8032
5912
3980
6521
9881
8027
9529
4925
8652
3076
2973
3366
6301
315
1369
9164
2034
4144
9781
3422
2290
4473
8075
1822
3074
1347
5767
7530
15
8352
4847
2280
4516
9200
4890
1436
5138
473
6776
4182
4995
893
7187
1837
963
4960
2552
159
7129
2177
3860
3049
8013
3932
8316
9727
4441
3001
6613
8186
9972
2310
6625
2615
897
8398
4637
5320
4685
8674
9314
5878
616
1324
9171
7494
3101
2761
2556
7391
8736
2992
1609
2636
4874
5100
1896
7197
1497
7914
386
3951
1356
2481
916
229
2050
483
8127
7472
8496
517
4801
2077
1777
5010
709
7023
3286
8866
5285
5344
2507
6777
8408
753
7364
613
6010
4716
7090
5611
7343
8906
6391
1216
7913
6110
1574
9031
9806
2811
8451
342
9485
5242
4164
1266
6946
7224
6612
5286
8266
7804
5183
9799
2750
3515
296
5728
5856
3928
8181
4726
1630
4084
9443
5764
7437
4892
9087
8544
8343
2173
5073
7144
4161
4064
5798
8404
827
8219
5567
781
5894
7082
1364
4326
8049
8849
7501
2012
6841
8227
2372
3604
952
6139
2520
4125
7581
9008
6245
1794
2317
5248
670
7605
6764
7799
4285
8758
3656
5011
8519
5801
9614
8158
166
1798
8280
209
4619
5244
1697
3827
2036
1797
8438
977
3256
9962
6813
8875
2825
1010
4292
9417
4769
2817
8535
1730
1311
2121
3052
5213
4617
9728
224
1192
7848
8377
5530
3094
8004
771
3441
4577
6847
658
6686
9560
1538
7042
8726
8687
3802
2598
7469
5590
3177
842
4714
6672
934
4474
5516
5905
5064
8824
2951
8822
5804
7234
9081
3027
279
3267
9818
5091
1412
5042
9547
4706
61
6169
2530
9406
2022
878
2837
7737
5802
1404
8204
4519
8246
7132
1632
9046
9733
9841
9559
6609
343
2102
3335
9586
2377
3135
4818
7780
5981
5793
3856
3277
1338
3901
6627
2127
7988
6680
4916
4622
2195
8584
2877
228
4618
1127
8899
3669
2652
7429
7597
2414
9765
2550
6737
45
6958
8458
9235
607
3347
7796
1901
2544
8825
8111
6212
7561
5743
6230
3752
5372
4420
6773
8240
7203
5790
1483
9947
3796
6027
9333
9082
7273
3529
7212
9650
2089
9882
7522
9734
1454
4076
8068
7182
8887
9685
7859
8806
7849
2503
5368
5906
5960
7798
5879
3329
219
4821
5203
3817
4006
2572
4733
6438
8700
3430
4035
633
491
6483
3239
8994
4074
7460
4719
7557
9495
6744
4582
1139
4040
2710
9363
9434
5364
7239
2504
5497
5643
8984
6058
4828
9289
4822
5155
4032
3822
9576
2833
220
2308
714
5029
2306
7758
1994
5025
7548
1071
4431
6471
1678
6295
9588
1801
3455
918
7493
7152
7123
8982
3140
9719
3121
9518
1792
6148
1585
5506
3301
9482
3023
6509
5529
1016
8150
9984
8037
3281
1168
6558
5733
2025
6096
381
2091
9158
4080
3405
6648
1762
6031
3460
8679
1704
7108
347
7868
1529
4942
5699
848
4616
4517
2486
8669
3450
1588
6790
5254
67
7942
2999
2252
4921
7736
7399
6985
702
1382
378
3477
8173
3962
385
957
4808
7448
5547
2803
8763
7373
412
7984
9750
9631
9106
7728
8059
487
9649
5581
8676
4349
8883
6145
7791
7473
2119
4102
8618
2662
9901
3689
3758
6840
4795
8381
5909
8426
8341
2518
3837
8409
6448
4982
6263
5175
8647
7434
6720
3221
7910
9096
4750
5621
2934
7994
6739
5103
1987
1047
4693
3195
4599
9048
2941
270
5776
1535
3562
8084
2170
1081
3697
8215
4669
1105
9103
9034
5858
6454
3230
9669
6508
8526
5753
7833
6653
9537
4044
6955
4268
5536
9944
663
1458
2864
3116
3340
4643
4759
2870
9545
6500
4405
7962
4118
3613
7422
5255
5780
9285
879
2213
4930
6887
4831
2115
3327
584
6762
1586
9302
1570
966
2446
7127
732
8133
4039
5067
2627
5958
1876
9063
6042
494
4581
3458
3773
5400
506
8839
3754
930
2974
6025
7046
208
7427
9931
8534
6999
6193
8017
9324
6870
5112
4686
488
5831
402
8279
4538
4245
1651
428
9680
5341
4418
168
8056
9682
285
91
835
6305
9223
6460
9365
3511
7330
8402
8373
2450
9056
9190
4412
5459
2584
1101
4664
3976
4852
6091
189
8104
5936
8591
8915
3854
9519
3170
2138
9594
108
6155
2976
1022
7939
3318
3253
2918
7657
3584
9853
242
3872
6070
612
84
4203
2337
7782
4571
1943
3257
6567
5403
1299
8428
1205
1925
9061
6128
116
5792
4501
1893
890
6016
4703
5928
3436
6173
3504
2873
7745
1728
5951
8771
784
6488
5133
4283
3433
4222
8912
5551
3690
3389
8897
1571
234
9907
5609
9263
8842
1965
8614
6991
7714
5579
3877
2994
8026
5377
7093
9255
9401
4562
8034
7734
7918
1641
9684
9234
1208
7208
6709
1212
9756
7179
6554
158
1981
1024
5476
3786
1122
9169
9270
1653
2353
6382
128
7464
6963
2944
2993
8002
4677
1885
5704
3128
9859
5826
6418
578
6373
6338
4873
9187
7393
4940
295
6412
638
751
1793
911
1297
782
7221
592
7699
95
266
7140
2101
4444
1806
2326
1222
981
2722
2633
3245
3392
4112
958
7278
2008
9771
9692
913
1160
1165
7253
7947
2715
5134
5176
7921
6684
2799
5668
4986
7306
394
2148
2723
4008
2437
4652
7310
3924
7409
1607
8880
7425
5343
7754
4850
8911
7083
4493
4471
52
2035
287
3414
9746
6278
7519
6565
993
6783
9795
1747
2441
9137
1478
9407
7652
5143
6560
8202
8608
4802
5537
4580
2516
775
524
8441
5846
999
7746
332
1026
2743
14
3510
5823
3466
3821
980
3605
401
8389
3679
8012
7866
3494
6861
5397
313
373
807
6862
5977
4898
1141
1294
6544
5578
2398
1677
7089
6050
410
4735
3207
7516
1770
3965
2872
860
1880
7554
4672
4481
2413
4836
2421
542
2618
2612
7047
3024
7993
3688
8510
1419
8268
788
9455
1631
5410
699
9742
9375
5968
8439
664
5298
4487
2860
4291
6281
4003
4675
6616
4608
5005
4113
7630
8359
4966
9909
5499
7004
1061
3025
8481
686
8950
8043
3576
5795
9497
6048
7954
3866
7584
3545
3474
9891
7284
7134
6614
2361
4282
4707
6831
4024
4508
8136
6311
9703
7405
4456
7165
9172
3596
2694
9110
4931
528
5370
268
2773
8351
8211
9845
5952
8671
2234
7387
4121
9694
2607
9988
794
3180
1548
6634
6828
4197
2075
1657
5162
2196
4817
1842
4417
4368
3543
5623
1102
8493
826
9337
2852
3457
2201
7803
3272
9929
3883
4936
2105
5555
1487
6823
4927
6475
6572
5487
6052
3886
5735
8080
2394
660
7707
1057
6238
8935
5012
8706
9035
3087
9460
3806
8889
2542
2140
9102
6363
3732
7293
1785
6814
4177
1718
5114
9472
3463
455
8203
7163
7367
3108
2658
5246
8749
6914
8118
6511
1430
9828
9185
8829
2863
1257
7480
703
3423
8252
4631
6190
9950
2685
4037
5654
4845
400
316
9768
8707
4793
4247
1655
4499
5079
6779
2129
5493
9998
9676
294
6545
810
2354
79
8904
5553
6989
7821
3664
8405
3131
8653
8437
4042
4274
7512
8920
7735
1323
6893
5206
9282
1757
1643
3559
2684
4535
3476
5227
4043
8696
8090
1661
7664
1247
4524
7296
1863
3921
4998
7553
5258
9763
8248
5295
7633
350
6416
3829
4774
2233
9693
9856
1318
6965
8767
7797
9783
5901
936
5405
8021
3326
269
6401
3247
1967
734
1443
8587
4863
7979
2041
6336
9864
2962
7321
4322
6340
6132
2772
6248
743
596
416
226
7347
6817
5444
7035
9225
9506
9143
25
101
8864
8522
336
7055
652
5416
785
3005
4687
4701
9898
4238
2
4385
9108
7654
1868
5093
3830
6075
9088
8394
476
8630
3310
2164
6484
2539
4262
8287
5307
2603
3712
9219
8979
7518
7789
7243
1915
3916
7277
2435
3709
3628
9237
8940
441
1261
8350
3297
2745
8362
6468
928
7925
742
7420
738
8083
126
5941
4558
6845
8785
9934
7625
8146
9753
716
9154
9092
2589
1463
4737
9369
8125
514
9902
7543
7052
4181
2407
7711
9820
7363
1054
1926
7667
3867
6464
8559
5569
5608
5310
9908
5945
9503
8738
7721
9119
6880
1413
5257
8658
7401
5556
3658
2764
6685
3283
7395
3042
3765
1372
9955
1565
4022
7149
9291
6462
565
9550
9480
2827
1982
149
1735
7838
5089
3566
1597
6307
9231
7274
3917
6580
4205
9564
291
3715
7964
4896
2651
7036
47
2020
5816
2279
1264
4688
6581
9216
6469
4299
9730
9618
3231
8827
9903
2131
6874
179
1167
2887
7275
7738
5338
1012
1060
7314
3003
9521
6396
2086
8079
254
875
5181
4742
6590
1683
1852
8232
1428
3600
85
6476
8197
9396
537
6696
5477
1399
1460
8579
3756
1361
3670
1388
7896
3412
1719
211
858
4906
4838
6730
5560
4170
6415
6982
1833
552
987
2157
5473
3328
2744
7586
8514
7749
8328
4448
7892
1038
8336
4339
4553
6810
1000
4229
2203
3798
3316
5805
9209
585
9183
7092
9714
3734
3015
9155
2728
3833
8261
4428
9094
6147
5421
7879
2846
9620
8557
1648
9041
9142
2926
3242
9189
2134
8142
8598
9691
9915
8837
8073
288
1883
9284
57
8961
1329
5147
2524
2098
8602
5276
8902
7929
7556
3619
8955
4425
4919
5007
4681
7765
3479
5278
9587
4480
8082
803
6818
445
8205
8884
7483
6809
5249
4596
8743
4372
2620
4019
9487
2621
747
7545
5910
2447
2574
3905
943
9288
1537
8340
4783
8607
8569
3699
1207
4756
5270
6439
4935
4951
2798
4968
6727
4620
4846
3303
5212
7285
9888
3580
7137
3636
3986
3034
3244
4749
8632
3652
8683
2464
5523
606
5692
5194
1751
450
5120
3153
2545
6815
6894
8570
9749
7065
17
3471
681
2820
9479
956
2263
8264
2021
4445
6046
2587
1958
8010
9808
1218
3694
2716
8029
7186
9601
6481
7157
1800
3967
3184
4625
6770
8060
3893
8847
245
1039
2264
6064
6041
5662
896
7573
1394
1650
4463
7666
6200
5775
1720
7298
8800
8834
3172
4454
3262
3279
438
8574
259
8265
6343
5661
9307
141
2111
1742
5984
2929
3667
1823
2917
2719
3760
7828
6826
299
9466
3778
3396
7440
4651
5932
2171
7730
161
2392
1214
984
9027
4498
5827
6819
5987
8882
4502
5399
3398
4184
4928
7814
1140
3569
6793
8649
4009
8
6372
840
1944
586
675
1244
4358
4399
2444
49
9339
1867
2011
6538
6562
8813
7806
1179
5722
3953
3838
1509
6782
2452
433
2910
8518
6153
2947
8436
8963
3189
9854
2090
1647
3645
3996
2765
1669
8383
1121
4252
4977
5966
3114
3022
8269
1567
809
6000
80
4004
6769
9973
46
8971
990
8729
1635
4486
6644
1191
9371
8682
8228
213
4969
8578
7189
5106
1242
8724
7562
8953
8289
435
9260
6177
7058
9843
645
9659
9336
5209
1664
6398
144
9709
7847
9995
7812
1939
4007
6621
5575
7154
6379
5845
1194
6068
5110
3352
2804
5980
7073
5972
610
8007
2945
8460
3971
9440
2959
4236
7533
6921
1253
6643
6241
8411
1658
7775
7596
1685
3492
1561
9657
3333
4204
2859
2788
482
6309
3098
1941
4057
5253
8997
4198
9698
5088
9348
419
7852
9850
4667
7282
4576
5017
7225
3789
1046
9689
2953
7750
8025
9846
556
3171
5786
5739
5781
8467
6781
2952
507
3649
9066
3031
5305
70
9051
253
2741
3686
132
5329
2546
8942
172
885
8131
4621
5075
4389
5214
9438
2622
624
5653
4
8242
7075
8213
5755
2693
583
8816
1688
1229
3542
2819
2703
1550
461
5222
8077
4276
8865
202
8267
9320
9767
2168
5772
4956
9509
6835
1503
434
8442
306
3139
8546
6514
7817
8284
7903
1836
2224
185
7569
2257
6428
9297
8400
2442
5443
9688
7612
6886
7719
4104
8600
8440
6871
8233
9452
708
9392
8224
5037
4193
3587
2110
5479
3055
3010
6800
3118
1622
87
4695
6121
8549
4832
9543
4070
6516
1365
7867
2995
94
5791
9120
7342
646
5003
2267
7476
421
3746
8792
4534
96
2480
3677
5115
9695
5606
1190
1392
6967
824
7823
5738
6979
7694
8370
1215
6191
9195
4764
7965
9049
2697
2981
7474
6513
3013
8008
1990
659
9686
4461
9710
2534
4427
3035
2782
6731
7977
1135
9626
283
9419
7880
707
9964
1614
9830
834
7027
8278
9536
3475
5838
8893
1980
7283
3551
2229
5233
7264
9207
7689
3539
2448
587
2909
8666
4206
3768
7997
9868
6217
3002
4857
2489
5518
9290
4788
5117
6298
1696
2047
6674
1400
7980
4671
2379
3141
1528
1502
4127
1431
5731
1182
6314
4648
9011
5204
1386
8820
5044
8958
2152
8881
3638
5511
5293
3133
536
3593
7658
5926
2404
9145
1344
8101
1795
562
6577
4122
8775
5264
4011
9716
1391
6758
889
7168
7697
2202
4815
6788
4723
3472
2360
5800
7521
7608
9139
443
6247
2159
4961
2616
7591
1482
3484
5751
3332
2942
4407
4805
6393
1320
2449
9673
7824
5607
1595
1171
1113
388
9483
7191
6304
6896
8138
5388
4155
4592
625
6465
6180
4036
972
3794
3068
8185
1992
3044
6414
4142
3126
7222
6928
4684
680
1477
5201
1556
5221
6394
5361
904
6971
7000
6166
5378
2559
1555
1051
6767
