0
1
2
3
5842
5
7054
90
8
9
10
11
12
13
14
15
16
221
18
19
6727
21
22
23
24
25
26
27
6424
3424
30
31
3247
2810
34
35
36
7911
38
39
40
41
42
43
44
1131
46
47
48
49
50
656
52
53
54
55
56
57
58
59
60
61
62
63
64
65
6754
67
68
69
70
71
72
73
74
75
5942
77
78
79
80
81
82
83
84
85
86
4318
88
89
7
91
8819
93
94
95
96
97
98
99
100
101
102
103
104
105
106
107
108
109
110
111
3198
113
114
115
116
117
118
4602
120
2450
122
123
4250
125
126
127
128
129
130
131
132
133
134
135
136
137
138
139
140
141
142
143
144
145
6507
147
148
149
150
151
152
153
154
155
156
6148
158
7750
160
161
162
163
164
165
166
3043
168
169
170
171
172
173
174
175
176
177
178
179
180
181
182
183
184
5690
186
187
5995
189
190
191
192
193
194
959
196
197
198
199
3954
201
202
203
204
205
206
6270
208
4022
210
211
212
7159
214
215
216
217
218
219
1140
17
222
8264
5610
225
969
3751
228
229
230
231
232
233
234
5321
236
237
238
8765
5131
241
2067
243
244
245
246
247
248
3508
250
1501
8828
253
254
4118
256
257
258
259
260
261
262
263
264
265
266
267
268
269
2365
6878
272
273
274
275
276
277
278
279
280
281
282
283
284
8079
286
287
288
289
290
5994
5446
293
6142
3985
296
297
298
299
300
301
302
3138
304
1816
306
307
308
6808
310
311
312
313
314
315
316
317
318
3338
320
321
322
323
324
325
326
327
328
329
4521
331
332
333
334
335
336
337
4952
339
340
341
342
343
344
345
7183
347
3697
2411
3301
351
352
353
354
8042
356
357
358
359
360
361
7266
363
364
365
366
367
368
369
370
371
372
373
374
375
376
5701
378
379
380
381
382
383
1539
385
386
387
7404
389
390
7938
392
393
394
395
396
397
6308
2380
400
401
402
403
3850
405
406
407
4493
3939
410
411
412
1098
990
415
4481
5387
418
419
420
421
3683
423
424
425
2696
427
428
429
430
431
432
433
434
435
5386
437
438
439
7678
441
9134
4336
444
445
446
447
448
449
450
451
452
453
454
455
4933
457
5833
459
460
461
462
463
464
465
2358
467
468
469
470
9883
6298
1647
8737
475
476
477
478
479
480
481
482
1224
484
485
2212
487
488
489
4014
491
492
493
568
495
496
1191
498
499
500
501
5093
503
504
505
506
507
508
509
510
511
8282
513
514
515
2476
517
518
519
520
2318
9960
3260
1798
525
3320
4415
528
529
252
531
532
533
534
535
536
537
538
539
540
541
542
543
544
3896
546
547
7476
549
550
551
552
553
554
555
556
557
558
559
7098
561
562
563
564
565
566
567
1216
569
570
571
572
573
574
575
576
577
578
579
580
581
582
583
584
585
586
587
588
6411
590
2597
592
593
594
595
596
597
598
599
600
601
602
603
9976
605
606
3832
608
609
610
611
612
613
614
615
616
3451
618
619
620
621
4500
6369
2151
625
1964
627
628
629
630
631
632
633
634
635
636
637
638
639
640
641
642
643
644
645
646
647
648
649
650
651
652
653
654
655
51
657
658
659
660
1470
662
663
664
665
666
667
668
669
670
671
672
673
674
675
676
6677
678
679
680
681
682
683
684
685
686
687
688
689
690
691
692
693
694
695
696
697
698
699
700
701
702
703
704
705
706
707
2890
709
710
711
712
713
714
715
716
717
718
719
720
721
722
723
724
912
726
727
728
729
730
871
732
733
734
735
736
737
738
739
740
2140
742
743
744
7737
746
747
2972
749
750
751
8760
4472
754
755
756
757
758
759
760
761
762
3658
764
765
2834
767
768
3893
9081
771
772
1873
774
1887
2233
777
778
779
780
781
782
783
784
785
786
2431
788
4181
790
791
6649
793
794
795
8270
797
798
799
800
6446
802
803
804
7333
806
807
808
809
810
811
812
813
814
815
816
5085
818
2883
820
821
822
823
824
8076
826
827
828
9625
830
831
9464
4848
834
835
836
8147
838
839
840
841
842
843
844
845
8313
4080
848
849
850
851
852
853
854
855
856
857
858
7713
860
861
862
863
864
1159
3641
867
9079
869
870
731
872
873
874
875
876
877
878
879
880
881
882
6082
884
885
886
2340
888
3111
890
891
892
893
894
895
8761
897
898
899
900
901
902
903
904
905
906
907
8451
909
910
911
725
913
914
915
916
3509
6201
919
920
2599
7484
923
924
925
926
927
1410
929
930
931
932
933
934
935
936
937
4610
939
940
941
942
943
5525
945
946
947
948
949
950
951
952
953
954
955
6870
5160
958
195
960
961
962
963
964
965
2165
967
3931
226
970
971
972
973
974
975
976
977
978
3664
980
981
982
983
984
985
3921
987
988
989
4557
991
992
993
994
995
996
997
5735
5081
1000
1001
1002
1003
1004
1005
1006
1007
1150
1009
1010
1011
1168
1013
1014
1015
1016
1017
1018
1019
1020
1021
1022
1023
1024
1025
1026
1027
1028
1029
1030
1031
1032
1033
1034
1035
1974
1037
1038
1039
1040
1041
8705
2435
1044
1045
7362
7568
5797
1049
1050
1051
1052
1053
1054
1055
1056
1057
1058
1059
9559
1061
1062
1063
1064
1065
7353
1067
1068
1069
1070
4937
1072
1073
1074
1075
1076
1077
1078
1079
1080
1081
1082
1083
7500
5967
1086
1087
1088
1089
1090
1091
1092
1093
1094
1095
2423
1097
2474
1099
1100
1101
1102
1103
1104
1105
1106
1107
1108
5057
1110
1111
1112
1113
6907
1115
1116
1117
1118
119
1120
3145
1122
1123
1124
1125
1126
8176
3810
1129
9218
45
1132
1133
1134
1135
1136
1137
1138
1139
220
8481
2833
1143
1144
1145
4599
1147
1148
1149
1008
2009
1152
1153
1154
1155
1156
3175
1158
865
1160
1272
1162
1163
1164
1165
8187
1167
1012
1169
1170
1171
1172
1173
1174
1175
7108
1177
1178
2545
1180
4417
1182
3953
1184
7466
1186
1187
1188
1189
1190
497
1192
1193
1194
1195
1196
1197
7694
1199
1200
1201
1579
1203
1204
1205
1206
1207
1208
8345
1210
4024
1212
1213
1214
1215
494
1217
1218
5882
1220
1221
1222
1223
483
1225
1226
1227
1228
1229
1230
1231
1232
1233
1234
1235
6256
1489
1238
1239
1240
1241
1242
3729
8566
1245
1246
1247
1248
1249
1250
1251
1252
1253
9000
1255
1256
1257
1258
1259
1260
1261
1262
8880
2098
1265
3280
1267
1268
1269
2079
1271
1161
1273
1274
3208
1276
1277
1278
2197
1280
5504
1282
1283
1284
1285
1286
1287
1288
1289
1290
1291
1292
1293
1294
1295
1296
1297
3820
1299
1300
1301
1302
1303
1304
8308
1306
1307
1308
1309
1310
1311
1312
1313
1314
1315
1316
1317
4924
7118
1320
1321
1322
1323
1324
1325
1071
1327
1328
4339
1330
1331
3488
1333
1334
1335
1336
1337
1338
8172
1340
7600
1342
1343
1344
1345
1346
1347
1348
4939
1350
1351
1678
1353
1354
1355
1356
1357
1358
1359
1360
1361
1362
1363
1364
1365
1366
1367
1368
1369
1370
1371
1372
1373
1374
1375
1376
1377
1378
1379
1380
1381
6022
1383
1384
1385
1386
1387
1388
2705
1390
6395
1392
1393
1394
1395
1396
2791
1398
1399
1400
3981
7051
1403
1404
1405
1871
1407
1046
6693
928
1411
1412
2407
1414
1415
1416
1417
1418
1419
1420
1421
1422
1423
1382
1425
2801
1427
9665
1429
1430
1431
1432
1433
1434
1435
4193
1437
1438
1439
3187
1441
1442
1443
1444
1445
1446
1447
1448
1449
1450
1451
1765
1453
1454
1455
1456
1457
1458
1834
1460
1461
1462
5050
1464
1465
1466
7822
1468
4451
661
1471
1472
1473
1474
1475
1476
1477
2884
1479
1480
1481
1482
1483
1484
1485
1486
1487
1488
1237
7478
1491
1492
1493
3883
1495
1496
1497
1498
2226
1500
251
1502
1503
1504
1505
6660
1507
1508
1509
1510
1511
8478
1513
1514
4728
1516
5555
1518
1519
1520
1521
1522
1523
1524
1525
1526
1527
1528
1529
1530
1531
1532
3816
7461
1535
1536
1537
1538
384
1540
1541
5225
1543
1544
1545
1546
1547
1548
8247
1550
1551
1552
5148
3703
4450
1556
1557
1558
1559
1560
1561
5703
1563
1564
1565
1566
1567
9600
1569
5884
1571
9393
9501
1574
2327
1576
2598
1578
1202
1580
1581
1582
1583
9935
1585
1586
1587
1588
1589
1590
1591
1592
1593
7200
1595
1596
8731
3298
1599
1600
1601
1602
1603
1604
1605
8555
4863
4800
1609
1610
1611
1612
2058
1614
1615
1616
1617
1618
1619
1620
1621
1622
1623
1624
1625
1626
1627
1628
1629
1630
1631
1632
1633
1634
1635
7976
1637
1638
6109
1640
1641
1642
1643
1644
1645
1646
473
1862
1649
1650
1651
2114
1653
1654
1655
1656
1657
1658
1659
1660
1661
1662
1663
1664
1665
1666
1667
1668
4138
1670
1671
1672
1673
1674
1675
1676
1677
1352
1679
1680
1681
1682
5547
1684
1685
1686
9237
1688
1689
8201
1691
1692
1693
1694
1695
1696
1697
1698
8152
1700
1701
1702
1554
1704
1705
1706
1707
1708
1709
7434
1711
1712
2893
1714
5793
1716
1717
1718
1719
1720
789
1722
1723
1724
1725
1726
1727
1728
1729
4210
1731
1732
1733
1734
1735
1736
1737
5424
8867
1740
1741
1742
4553
1744
1745
7966
377
1748
1749
1750
1751
1752
1753
1754
3033
1756
1772
1758
1759
1760
1761
1762
1763
9708
1452
4696
1767
1768
1769
1770
1771
1757
9880
1774
1775
1776
1777
1778
1779
1780
1781
2051
1783
1784
1785
5616
1787
1788
1789
1790
1791
1792
1793
1794
5123
1796
1797
524
1799
1800
1801
3135
1803
1804
1805
1806
1807
1808
1809
1810
1811
1812
1813
1814
1815
305
1817
1818
1819
1820
4764
1822
1823
1824
1825
1826
1827
1828
1829
1830
1831
1832
1833
1459
1835
1836
1837
1838
1839
5169
1841
1842
1843
9692
1845
1846
1847
1848
1849
1850
1851
1852
4205
1854
1855
1856
1857
1858
1859
1860
1861
1151
1863
4331
1865
1866
1867
1868
1869
1870
1406
1872
773
1874
4805
1876
1877
1878
1879
1880
4311
1882
1883
1884
1885
2618
4320
1888
1889
1890
1891
1892
8817
1894
1895
1896
2506
1898
1899
1900
1901
1902
7619
1904
1905
1906
1907
1908
1909
1910
4758
1912
1913
1914
1915
1916
1917
1918
1919
1920
1921
1922
1923
1924
1925
1926
1927
1928
1929
1930
1931
1932
1933
1934
8623
1936
1937
1938
1939
1940
1941
1942
3737
9078
1945
1946
1947
1948
1949
1950
1951
1952
1953
1954
1955
7523
1957
6219
1959
1960
1961
5353
1963
1710
1965
1966
1967
3485
1969
1970
1971
1972
1973
1036
1975
1976
9961
1978
7480
1980
1981
4504
1983
6108
1985
1986
1987
1988
1989
1990
1991
1992
1993
4077
9244
1996
1997
1998
1999
2000
2001
2002
2003
2004
2005
2006
5926
2008
9512
2010
2011
2012
2013
2014
2015
2016
2017
2018
2019
2020
2021
2022
2023
2024
8996
2026
2027
2028
2029
2030
2031
2032
2033
2034
3431
2036
2037
1266
2039
2040
2246
2042
2043
2044
2045
3734
2047
2048
2049
2050
1782
2052
2053
2054
2055
2056
2057
1613
2059
6062
2061
2062
2063
2064
2065
2066
242
9086
5933
2070
2071
2072
2073
2074
2075
2076
2077
2078
1270
8215
2081
2082
2083
2084
2085
2086
2087
2088
3130
2090
3818
2092
2093
2094
2095
4252
2097
1264
2099
2100
2101
472
9984
2104
2105
2106
2107
2108
2109
2110
2111
2112
2113
1652
2115
2116
2117
2118
2119
2120
2121
2122
2123
2124
2125
3632
2127
2128
2129
2130
2131
9524
5876
2134
8985
2136
2137
2138
7003
741
2141
2142
2143
2144
6025
2146
2147
3425
2149
2150
624
2152
3611
2154
2155
5739
2157
2158
9719
2160
2161
2162
2163
2164
966
1219
2167
2168
2169
2170
2171
2172
2173
2174
2175
2176
2177
2178
2179
5048
2181
2182
2818
2184
2185
2186
2187
2188
2189
2190
7969
2192
2193
2194
2195
2196
1279
9005
2199
2200
2201
2202
9678
2204
2205
3523
2207
2208
2209
2210
2211
486
2213
7288
2215
2216
2217
2218
2219
2220
2221
2222
2223
2224
2225
1499
2227
6928
2229
4176
2231
2232
776
2234
2966
2236
2237
2238
2239
2240
2241
2242
4190
2244
2245
7743
5844
8511
2249
2250
2251
3307
2253
2254
998
2256
2257
2258
2259
2260
2261
2262
2263
2264
3404
6962
2267
2268
2269
2270
2271
4787
2273
2274
2275
2276
2277
2278
2279
2280
2281
2282
2283
4649
2285
2286
2287
2288
6794
2290
2291
7770
2293
2294
2295
8059
2297
2298
2299
1236
2301
2302
2303
2304
2305
2306
2307
2308
6942
2310
2311
2312
2313
3979
2315
2316
2317
7752
146
2320
2321
2322
2323
2324
2325
2326
1575
6053
2329
2330
2331
2332
2333
2334
2335
2336
2337
2338
2339
887
2341
2342
2343
9308
2345
2346
2347
8010
2349
2350
2351
2352
2353
2354
2355
2356
8601
466
2359
2360
2361
2362
2363
2364
270
2366
2367
2368
2369
2370
2371
3182
2373
2374
2375
2376
2377
2378
6057
399
2381
2382
8102
2384
3741
2386
2387
4045
2389
2390
2391
3795
2393
2394
6475
2396
2397
2398
2399
2400
2401
2402
2403
2404
2405
2406
5623
2408
2409
2410
349
2412
2413
2414
2415
6277
2417
2418
2419
2420
2421
2422
1096
2424
2425
7971
2427
2428
2429
2430
3067
5848
2433
2434
1043
2436
2437
2438
2439
2440
2441
2914
2443
6364
2445
2446
2447
2448
2449
6614
7783
2452
5283
2454
2455
2456
2457
2458
2459
2460
2461
2462
295
2464
2465
2466
2467
2468
2469
8427
2471
2472
4094
413
2475
4285
2477
7338
2479
2480
2481
4060
7331
5062
3077
2486
2487
2488
2489
2490
2491
2492
33
2494
2495
2496
2497
2498
2499
2500
2501
2502
2503
2504
9456
1897
2507
2508
2509
2510
2511
2512
2513
7389
2515
2516
2517
2518
2519
2520
2521
2522
2523
4503
2525
2526
2527
2528
2529
2530
9496
2532
2533
2534
2535
2536
5145
2538
2539
2540
6250
2542
2543
2544
9232
2546
2547
8436
2549
2550
2551
2552
2553
2554
2555
2641
5963
2558
2559
2560
3149
2562
3640
2564
1764
2566
2567
2568
2569
2570
2571
2572
1066
2574
2575
2576
2906
2578
2579
2580
2581
2582
2583
2584
2585
2586
2587
2588
3117
2590
2591
2592
2593
4389
2595
2596
591
1577
921
2600
2601
2602
4314
2604
2605
2606
8651
2608
2609
8474
2611
2612
2613
2614
2615
2616
2617
1886
2619
4804
2621
3221
8933
2624
2625
2626
2627
2628
2629
2630
2631
2632
2633
2634
2635
2636
2637
2638
2639
2640
2556
2642
2643
2644
2645
2646
2647
2648
2649
2654
2651
2652
2653
2650
2655
2656
2657
2658
2659
2660
2661
2662
2663
9707
5921
2666
5358
2668
9504
2670
2671
2672
2673
2674
2675
2676
2677
2678
2679
2680
2681
2682
2683
2684
2685
2686
2687
2688
2689
5637
8533
2692
2693
2694
2695
426
3239
2698
6070
2700
2701
2702
4000
2704
7638
4616
2707
2708
2709
2710
2711
2712
2713
2714
2715
3866
2717
2718
3793
2720
2721
2722
2723
2724
2725
2726
2727
2728
2729
2730
2731
2732
2733
2734
2735
2736
2737
2738
2739
2740
2741
2742
2743
2744
2745
9433
2747
2748
2749
2750
2751
2752
9131
2754
2755
2756
2757
2758
2759
5013
2761
2762
2763
2764
2765
2766
2767
6068
2769
2770
2771
9619
7831
2774
2775
2776
2777
2778
2779
2780
2781
2782
2783
2784
7531
3770
2787
2788
2789
2790
4774
2792
2793
2794
2795
6990
2797
2798
2799
2800
1426
7827
8941
2804
2805
2806
2807
2808
2809
2493
2811
6574
2813
8039
2815
2816
2817
2183
2819
2820
2821
2822
2823
2824
2825
2826
2827
2828
2829
4033
2831
2832
1142
5221
2835
2836
2837
2838
2839
2840
2841
2842
2843
2844
2845
2846
2847
2848
2849
2850
2851
2852
2853
2854
5741
2856
2857
2858
2859
5474
2861
2862
2863
2864
2865
2866
9767
4313
2869
2870
2871
2872
2873
2874
7761
2876
2877
2878
2879
2880
2881
3859
819
3591
2885
2886
2887
2888
2889
708
2891
2892
7008
2894
2895
2896
7302
2898
9358
2900
2901
2902
2903
2904
2905
2577
2907
2908
4288
2910
2911
2912
2913
2442
2915
2916
2917
2918
2919
2920
2921
2922
2923
2924
2925
2926
2927
2928
2929
2930
2931
2932
2933
2934
2935
2936
2937
2938
2939
2940
2941
2942
2943
2944
2945
2946
2947
2948
2949
2950
2951
7934
2953
2954
2955
2956
2957
2958
2959
2960
2961
2962
2963
2964
2965
2235
2967
7857
2969
2970
2971
748
2973
5727
2975
2976
2977
2978
2979
2980
9701
2982
2983
2984
2985
2986
2987
6994
7038
2990
2991
4132
2993
2994
2995
2996
2997
2998
2999
3000
3001
7846
3003
3004
3005
3006
3007
3008
8727
3015
3011
3012
3013
3014
3010
3016
3017
3018
3019
3020
3021
3022
3023
3024
3025
3026
3027
3028
3029
3030
3031
4125
1755
3034
3035
6321
3037
3038
3039
8108
3041
3042
167
3044
3045
3046
3047
3048
3049
3847
3051
3052
3053
3054
3055
3056
3057
4139
4880
3060
3061
3062
6101
3064
4999
3066
787
3068
3069
3070
3071
3072
8361
8961
3075
6544
2385
3078
1512
3080
3081
3082
3083
3084
3085
6090
5806
3088
3089
3090
3091
3092
3093
3094
3095
3096
3097
3098
3099
3100
3101
3102
3103
3104
3105
626
3107
3108
3109
3110
5680
3112
3113
3114
3115
3116
3938
3118
3119
3120
3121
8554
3123
6565
3125
3126
3127
9772
3129
2089
6313
3132
3133
3134
1802
3136
3137
303
3139
3140
3141
3142
3143
3144
1121
3146
3147
3148
2561
5150
3151
3152
3153
3834
3155
4345
3157
1490
6154
3160
3161
3162
3163
3164
3165
3166
3167
3168
3169
3170
3171
3172
3173
3174
1157
3176
3177
3178
3179
3180
3181
2372
3183
3184
3185
3186
1440
3188
3189
3190
3191
3192
3193
3194
3195
3196
3197
112
3199
3200
3201
3202
6024
3204
3205
3206
3207
1275
3209
9210
3211
3212
3213
3214
3215
2309
3217
3218
3219
8061
9307
3222
7943
3224
9281
3226
3227
8520
3229
3230
3231
3232
3233
3234
3235
3236
3237
3238
2697
3240
3241
3242
3243
3244
3245
9802
32
8782
3249
3250
3251
4122
3253
3254
3255
3256
3257
3258
3259
523
3261
3262
7233
3264
3265
3266
6860
3268
7117
3270
3271
4513
3273
3274
3275
3276
6417
3278
3279
4241
3281
3282
3283
3284
3285
3286
3287
3288
3289
7687
3411
3292
3293
3294
8086
3296
3297
1598
3299
3300
350
3302
3303
3304
3305
3306
2252
3308
3309
3310
3311
3312
3313
3314
3315
3316
3317
3318
3732
526
3321
3322
3323
7995
4457
3326
3327
3328
3329
4367
3331
3332
3333
66
3335
3336
3337
319
3339
3340
3341
3342
3343
3344
3345
3346
3347
3348
3349
3350
3351
3352
3353
3354
3355
3356
3357
3358
3359
3360
3361
3362
3363
3364
4460
6505
3367
3368
3369
3370
8224
3372
3373
3374
3375
3376
3377
3378
3379
3380
3381
3382
3383
3384
3385
3386
3387
3388
3389
3390
3391
3392
3393
3394
9647
3396
3397
3398
3399
3400
3401
3402
3403
9913
3405
6264
3407
3408
3409
3410
3291
3412
3413
3414
3415
3416
3417
3418
3419
3420
8836
3422
3423
3546
2148
3426
3427
3428
3429
3430
2035
3432
8277
3434
3435
3436
3437
3438
3439
1562
5860
3442
3443
3444
3445
3446
9884
3448
3449
3450
617
3452
3453
3454
3455
3456
3457
3458
3459
3460
3461
3462
3463
3464
3465
3466
3467
3468
3469
3470
6865
3472
3473
3474
3475
3476
3477
3478
3479
3480
3481
3482
3483
3753
1968
3486
3487
1332
6506
3490
3491
5733
3493
3494
3495
3496
9018
3498
3499
3500
3501
3502
3503
3504
3505
3506
3507
249
917
3510
3511
3512
3513
3514
3515
3516
3517
3518
3519
3520
3521
3522
8065
3524
3525
3526
3527
4497
3529
3530
3531
3532
3533
3534
3535
3536
3537
3538
3539
3540
3541
3542
3543
3544
9732
29
3547
4841
9435
3550
8994
3552
3553
3554
3555
3556
3557
3558
3559
3560
3561
3562
3563
3564
3565
3566
3567
3568
7495
3570
3571
3572
3573
3574
3575
3576
3577
3578
3579
3580
3581
3582
3583
3584
3585
3586
3587
3588
7867
3590
1478
3592
8588
3594
3595
3596
3597
3598
3599
3600
3601
3602
3603
3604
3605
9638
3607
3608
3609
3610
2153
3744
3613
3614
422
3616
5599
3618
3619
3620
3621
3622
3623
3624
3625
3626
3627
3628
3629
3630
3631
2126
3633
3634
3635
3636
3637
3638
3639
2563
866
3642
3643
3644
3645
3646
3647
3648
3649
3650
3651
3652
3653
7262
3655
6820
3657
763
3659
3660
3661
3662
3663
979
3665
6362
3667
3668
3669
3670
3671
3672
9780
3674
3675
3676
3677
5889
3679
3680
3681
3682
3615
3684
3685
3686
3687
4039
9616
3690
3691
3692
3693
3694
3695
6532
348
3698
3699
3700
6753
3702
1703
7094
3705
3706
3707
3708
2248
3710
3711
3712
9343
3714
3715
4106
3717
4691
3719
3720
3721
3722
3723
3724
3725
3726
3727
3728
1243
3730
3731
3319
3733
2046
3735
5156
4335
3738
3739
3740
2485
3742
3743
3612
3745
3746
3747
2255
3749
3750
227
3752
3484
9220
3755
3756
3757
3758
3759
3760
9830
7634
3763
3764
4718
3766
3767
3768
3769
2786
3771
3772
3773
3774
3775
3776
3777
3778
3779
4239
3781
3782
3783
3784
3785
3786
3787
3788
3789
3790
5707
3792
2719
3794
2392
3796
4402
3798
3799
3800
3801
3802
3803
3804
4898
3806
3807
3808
3809
1128
3811
7888
3813
3814
3815
1533
3817
6800
3819
1298
3821
3822
3823
3824
3825
3826
5020
3828
3829
3830
3831
607
3833
3154
8841
3836
3837
3838
3839
3840
8222
3842
3843
3844
3845
3846
3050
3848
3849
404
3851
4097
3853
3854
3855
3856
3857
3858
2882
3860
3861
3862
3863
3864
3865
7683
3867
3868
3869
3870
3871
3872
3873
3874
3875
3876
3877
3878
3879
3880
3881
9094
1494
3884
3885
3886
3887
3888
3889
3890
3891
3892
769
3894
1424
545
3897
3898
3899
3900
3901
3902
3903
3904
3905
3906
3907
3908
3909
3910
3911
3912
3913
3914
8896
3916
3917
3918
3919
3920
986
3922
3923
3924
3925
3926
3927
3928
3929
3930
968
3932
3933
3934
3935
3936
3937
2589
6702
3940
4545
5545
3943
3944
3945
3946
9875
3948
3949
3950
3951
6821
1183
200
3955
3956
3957
3958
3959
3960
3961
3962
4956
3964
3965
3966
3967
817
3969
3970
3971
7549
3973
9949
3975
3976
3977
3978
8416
3980
1401
3982
3983
3984
2463
9931
3987
3988
3989
4842
3991
3992
8360
3994
3995
3996
3997
3998
3999
2703
4001
4002
4003
4004
4005
4006
4007
4008
4009
4010
9238
4012
4013
490
4015
4332
4017
4018
4019
4020
4021
209
4023
1211
4025
4026
4027
4028
4029
4030
4031
4032
8846
4034
5697
4036
4037
4038
8482
4040
4041
4042
4043
8685
2388
4046
4047
4048
4049
4050
4051
4052
4053
4054
4055
4056
4057
4058
6975
7136
4061
4062
4063
4064
4065
4066
4067
4068
4069
7168
4071
4072
4073
4074
4075
4076
1994
4078
4079
847
4081
4082
4083
4084
4085
4086
4087
4088
4089
4090
7412
4092
4093
2473
4095
4096
4672
7627
4099
4100
4101
4102
7532
4104
4105
3716
8877
4108
4109
4110
4111
4112
4113
4114
4115
4116
4117
255
4119
4120
4121
3252
4123
4124
3032
4126
4127
4128
4129
4130
9842
8357
4133
3701
4135
4136
4137
1669
3058
4140
4141
4142
4143
4144
4145
4146
4147
4148
4149
4150
4151
4152
4153
4154
4155
4156
4157
4158
4159
4160
4161
4162
4163
4164
4165
4166
4167
4168
4169
9818
4171
4172
4173
4174
8450
2230
7314
4178
4179
4180
1721
4182
4183
4184
4185
4186
4187
6016
4189
2243
4191
4192
1436
4194
4195
4196
6160
4198
4199
4200
4201
9579
4203
4204
1853
4206
4207
7371
4209
8428
4211
4212
4526
4214
4215
4216
4217
4218
4219
4220
4221
4222
4223
4224
4225
4226
4227
4228
4229
4230
4231
4232
4233
4234
4235
4236
4237
4238
3780
4240
2038
4242
4243
4244
4245
8447
4247
4248
4249
9089
4251
2096
4253
4254
4255
5792
4257
4258
4259
4260
4261
4262
4263
4264
4265
4266
4267
4268
4269
4270
4271
4272
4273
4274
4275
5086
4277
4278
9558
4280
4281
4282
4283
4284
516
4286
4287
2909
9101
4290
4291
4292
4293
4294
4295
4296
4297
4298
7605
4300
4301
4302
4303
4304
4305
9436
4307
4308
4548
4310
1881
4312
2868
2603
4315
4316
4317
87
4319
6311
4321
4322
4323
9482
4325
4326
4327
7983
4329
4330
6822
4016
4333
4334
1943
7726
7782
4338
1329
4340
4341
4342
4343
4344
3156
4346
4347
4348
4349
4350
4351
4352
4353
4354
4355
4356
4357
4358
4592
4360
4361
1048
4363
4419
4365
4366
3330
4368
4369
4370
4371
6750
8885
4374
4375
4376
4377
4378
4379
4380
4381
4382
8935
7287
4385
4386
4387
4388
2594
4390
4391
4392
4393
4849
9013
4396
4397
4398
4399
4400
4401
6161
4403
4404
4405
4406
4407
4408
4409
4410
4411
4412
4413
4414
527
4416
1181
4418
4364
4420
4421
4422
4423
4424
4425
4426
4427
4428
4429
4430
4431
4432
4433
4434
4435
4436
4437
4438
4439
4440
4441
4442
4443
4444
4445
4446
4447
4448
4449
1555
1469
4452
9644
4454
4455
4456
3325
9574
4459
3365
4461
4462
4463
4464
4465
4466
4467
4468
4469
4470
7490
753
4473
4474
4475
4476
4477
4478
4479
4480
416
4482
4483
4484
4485
9872
4487
4488
4489
4490
4491
801
408
4494
4495
4496
3528
8304
4499
622
4501
4502
7505
1982
4505
4506
4507
4508
4509
4510
4511
4512
3272
4514
4515
6778
8891
4518
4519
4520
330
4522
4523
4524
4525
4213
4527
4528
4529
4530
4531
4690
4533
4534
4535
4536
4537
4538
4539
4540
4541
4542
4543
4544
3941
4546
4547
4309
4549
4550
4551
4552
1743
4554
4555
4556
8721
1958
4559
4560
4561
4562
4563
4564
4565
4566
4567
4568
4569
4570
4571
4572
4573
4574
4575
4576
4577
4578
4579
4580
4581
4582
4583
4584
4585
4586
9552
4588
4589
1606
4591
4359
4593
4594
4595
6584
4597
4598
1146
4600
4601
6691
4603
4604
4605
4606
4607
4608
4769
5560
4611
4612
4613
4614
4615
5767
4617
4618
5540
4620
4621
4622
4623
4624
4625
4626
4627
4628
4629
6437
4631
4632
4633
4634
4635
5120
4637
4638
4639
4640
4641
4642
4643
4644
7998
4646
4647
4648
2284
4650
4651
4652
4653
6174
4655
4656
4657
4658
4659
4660
4661
4662
4831
4664
4665
4666
4667
4668
7275
4670
4671
3852
4673
4674
7674
4676
4677
4678
4679
4680
4681
4682
4683
4684
4685
4686
4687
4688
4689
4532
1747
4692
4693
4694
4695
6762
4697
4698
6409
4700
4701
4702
4703
6828
4705
4706
4707
4708
4709
4710
4711
4712
4713
8754
4715
4716
4717
3765
4719
4720
4721
4722
4723
4724
4725
4726
4727
1515
4729
4730
4731
4732
4733
4734
4735
4736
4737
4738
4739
4740
4741
4742
4743
4744
4745
7110
4747
4748
4749
4750
4751
6075
7048
4754
4755
4756
4757
1911
4759
6854
4761
4762
4763
1821
4765
4766
4767
6063
8770
4770
4771
4772
4773
1397
4775
4776
4777
4778
4779
4780
4781
4782
4783
4784
8691
4786
2272
4788
4789
4790
4903
4792
7507
4794
5507
5711
4797
4798
4799
6904
4801
4802
4803
2620
1875
4806
4807
4808
4809
4810
4811
4812
4813
4814
4815
4816
4817
5834
4819
4820
4821
4822
4823
4824
4825
4826
4827
4828
4829
4830
5141
4832
8517
4834
4835
4836
4837
4838
4839
4840
6831
3990
4843
4844
4845
4846
4847
833
4394
4850
4851
4852
4853
4854
4855
3791
4857
4858
8453
4860
4861
4862
1607
4864
4865
4866
4867
4868
4869
4870
4871
8351
4873
4874
4875
4876
4877
4362
4879
3059
4881
4882
4883
4884
4885
4886
4887
4888
4889
4890
4891
4892
4893
4894
4895
4896
4897
3805
4899
4900
4901
4902
8899
4904
4905
4906
4907
8764
4909
4910
4911
4912
4913
4914
4915
4916
4917
4918
4919
4920
4921
9422
4923
8130
4925
4926
4927
4928
4929
4930
4931
4932
456
4934
4935
4936
1326
4938
1349
8223
4941
4943
4942
9033
4945
4946
4947
4948
4949
4950
4951
338
4953
4954
9869
8407
4957
4958
4959
4960
4961
4962
4963
4964
4965
4966
4967
6325
4969
4970
4971
4972
4973
4974
4975
4976
4977
4978
560
4980
4981
4982
7178
4984
4985
4986
4987
8328
4989
4990
4991
4992
4993
4994
4995
4996
4997
4998
3065
5000
5001
5002
5003
6595
5005
5006
5007
5008
5009
8928
5011
5012
2760
5014
5015
7324
5017
5018
5019
3827
5021
5022
5023
5024
5025
5026
5027
5028
5029
5030
8550
5032
5033
5034
5035
5036
5037
5038
5039
5040
5041
5042
6297
5044
5045
8621
5047
2180
5049
1463
5051
5052
8900
5054
6429
5056
1109
5058
5059
5060
5061
2484
5063
8278
5065
7815
5067
5068
5069
5070
5071
5072
5073
5074
5075
5076
7905
5078
5079
5998
999
9027
5083
5084
3968
4276
5087
5088
5089
3915
5091
5092
502
5094
5095
5096
5394
5098
5099
5100
5101
5102
5103
5104
5105
5106
5107
5108
5109
9389
5111
5112
5113
5114
9766
8525
5117
5118
5119
4636
6423
5122
1795
5124
5125
5126
5127
5128
5129
5130
240
5132
5133
5134
5135
5136
5137
5138
5139
5140
4663
5142
5143
5144
2537
5146
5147
1553
5149
3150
5151
5152
5153
5154
5155
3736
5157
5158
5159
8305
5161
5162
5163
5164
5165
5166
5167
5168
1840
5170
5171
5172
5173
5174
5175
5176
5177
5178
5179
5180
6700
5182
8956
5184
5185
5186
5187
5188
5189
5190
5191
5192
5193
5194
5195
5196
5197
5198
5199
5200
5201
5202
5203
5204
5205
5206
5207
5208
5990
5210
5211
5212
5213
5214
5215
5216
5217
5218
5219
5220
7714
5222
5223
5224
1542
5226
5227
5228
5229
5230
5231
5232
5233
5234
5235
5236
5237
5238
5239
5240
5241
5242
5243
5244
5245
5246
5247
5248
7839
5250
5251
5252
5253
5254
5255
5256
5257
5258
5259
5260
5261
5262
5263
5264
5265
5266
5267
5268
5269
5270
5271
5272
5273
5274
5275
5276
5339
5278
5279
5280
5281
5282
2453
5284
5285
5286
9832
5288
5289
5290
5291
5292
5293
5294
5295
5296
5297
5298
5299
5300
5301
5302
5303
5304
9670
5306
5307
5308
5309
5310
5311
5312
5313
5314
5315
5316
5317
5318
5319
5320
235
5322
5323
5324
5325
5326
5327
5328
5329
5330
5331
5332
5333
5334
5335
5336
5337
5338
5277
5340
5341
5342
5343
5344
5345
5346
5347
5348
5349
5350
5351
5352
1962
9276
5355
5356
5357
2667
5359
5360
9828
8620
5363
5364
5365
5366
5367
5368
5369
5370
5371
5372
5373
5374
3942
5812
5377
6207
5379
5380
5381
5382
5383
5384
5385
436
417
5388
5911
5390
5391
5392
5393
5097
5395
5396
5397
5398
5399
5400
5401
6923
5403
5404
5405
5406
5407
5408
5409
5410
5411
5412
5413
5414
5415
5416
5417
5418
5419
5420
5421
5422
5423
1738
5425
5426
5427
5428
5429
5430
8022
5432
7530
5434
7852
5436
5437
5438
5439
5440
5441
5442
5443
5444
5445
292
5688
5448
5449
5450
5451
5452
5453
5454
5455
5456
5457
5458
5459
5460
5461
5462
5463
5464
5465
5466
5467
5468
5469
5470
5471
5472
5473
2860
5475
5476
5477
7457
5479
5480
5481
5482
5483
7084
5485
5486
5487
5488
5489
5490
5491
5492
5493
5494
5495
5496
5497
5498
5499
5500
5501
5502
5503
1281
5505
5506
4795
5508
5509
5510
5511
5512
5513
5514
5515
5516
5517
5518
5519
5520
5521
5522
5523
5524
944
5526
5527
5528
5529
5530
5531
5532
5533
5534
5535
6028
9502
5538
5539
4619
5541
5542
5543
5544
5375
5546
1683
8145
5549
5550
5551
5552
5553
5554
5717
5556
7612
5558
5559
8516
5561
5562
5563
5564
5565
5566
5567
5568
5569
5570
5571
9681
5573
5574
5575
5576
5577
5578
9762
5580
5581
5582
5583
5584
5585
7376
5587
7140
5589
5590
5591
5592
5593
5594
5595
5596
5597
5598
2206
5600
5601
5602
5603
5604
5605
5606
5607
5608
5609
224
5010
5612
5613
5614
5615
1786
5617
5618
5619
5620
5621
7887
7686
5624
6851
5626
5627
9611
5629
5630
5631
5632
5633
5695
5635
5636
2690
5638
5639
5640
5641
5642
5643
5644
5645
5209
5647
5648
5649
5650
5651
5652
5653
5654
5655
5656
5657
5658
5659
5660
5661
7760
5663
5664
5665
5666
5667
5668
5669
5670
5671
5672
5673
5674
5675
5676
5677
5678
5679
7011
5681
5682
5683
5684
5685
5686
5687
5447
6721
185
5691
5692
5693
5694
5634
5696
4035
7696
5699
5700
3718
5702
3440
8410
5705
5706
4856
5708
5709
5710
4796
5712
5713
5714
5715
5716
1517
5718
5719
5720
8496
5722
5723
5724
5725
5726
2974
5728
5729
5730
5731
5732
3492
5734
4197
5736
5737
5738
2156
5740
2855
5742
5743
5744
5745
9235
5747
5748
5749
5750
2451
5752
5753
5754
5755
5756
5757
5758
5759
5760
5761
5762
5763
5764
5765
5766
2706
5768
5769
5770
5771
5772
5773
5774
5775
5776
5777
5778
5779
5780
5781
5782
5783
2444
7059
5786
5787
5788
5789
5790
5791
4256
1715
5794
5795
5796
4878
7111
5799
5800
5801
5802
5803
5804
5805
3087
5807
5808
5809
9834
5811
9827
5813
5814
5815
8576
5817
5818
5819
5820
7972
5822
5823
5824
5825
5826
5827
5828
5829
5830
5831
5832
458
4818
5835
5836
5837
5838
6562
5840
9928
4
5875
2247
5845
5846
5847
2432
9655
5850
5851
5852
5853
5854
5855
5856
5857
5858
5859
3441
5861
5862
5863
5864
5865
5866
5867
5868
5869
5870
5871
5872
5873
5874
5843
2133
5877
5878
5879
5880
5881
6751
5883
1570
5885
5886
5887
5888
3678
5890
5891
5892
5893
5894
5895
7522
5897
5898
5899
5900
5901
5902
5903
5904
5905
7779
5907
5908
5909
5910
5389
5912
5913
8585
5915
5916
5917
5918
5919
5920
5975
7939
5923
5924
5925
2007
5927
5928
5929
5930
5931
5932
2069
5934
6577
5936
5937
5938
5939
5940
5941
76
5943
8275
5945
5946
5947
8926
5949
5950
5951
5952
5953
4492
5955
5956
5957
5958
5959
5960
7652
5962
2557
9947
5965
5966
1085
5968
5969
5970
5971
5972
5622
5974
7393
8070
5977
5978
5979
4955
5981
5982
5983
5984
5985
8333
5987
5988
5989
5646
5991
5992
5993
291
188
5996
5997
5080
5999
6000
8173
7960
6003
6004
6005
6006
6007
6008
6009
6010
6011
6012
6013
6014
6015
7384
6017
6018
6019
6020
6021
3895
6023
3203
2145
6026
6027
6214
6029
6030
6031
6032
6033
6034
6035
6036
6037
6038
6039
6040
6041
6042
6043
6044
6045
6046
6047
5964
6049
6050
6051
6052
2768
6054
6055
6056
2379
6058
6059
6060
6061
2060
4768
9560
8794
7318
6067
2328
6069
2699
6071
6072
6073
6074
4752
6076
6077
6078
6079
6080
6081
883
6083
6084
6085
6086
6087
6088
6089
3086
6091
6092
6093
6094
6095
6096
6097
6098
6099
6100
3063
6102
6103
6104
6105
6106
6107
1984
1639
6110
6111
6112
6113
6114
6115
6116
6117
6118
6119
6120
6121
6122
6123
6124
6125
6126
6127
6128
6129
6130
6131
6132
6133
6134
6135
6136
6137
6138
6139
6140
6141
294
6143
6144
6145
6146
6147
157
8457
6150
6151
6152
6153
7088
6155
6156
6157
6158
6159
3748
3797
8699
6163
6164
6165
6166
6167
6168
6169
6170
6171
6172
6173
4654
6175
6176
6177
6178
6179
1185
6181
6182
6183
6184
6185
6186
6187
6188
6189
6190
6191
6192
6193
6194
6195
6196
6197
6198
3159
6200
918
6202
6203
6204
6205
6206
5378
6208
6209
6210
6211
6212
6213
5536
6215
6216
6217
8728
4558
6906
6221
2041
6223
6224
6225
6226
6227
6228
6229
6230
6231
6232
6233
6234
6235
6236
6237
6238
6239
6240
6241
6242
6243
6244
6245
6246
6247
6248
6249
2541
6251
6252
6253
6254
6255
2300
6257
6258
6259
6260
6261
6262
6263
6896
6265
6266
7788
6268
6269
207
6271
6272
6273
7739
6275
6276
2416
6278
6279
6280
8419
6282
6283
6284
6285
6286
6287
6288
6289
6290
6291
6292
6293
6294
6295
9201
5043
2102
6299
6300
6301
6302
6303
6304
6305
6306
6307
8712
6309
6310
775
6312
3131
6314
8562
6316
6317
6318
6319
6320
3036
6322
6323
6324
4968
6326
6327
6328
6329
6330
6331
6332
6333
6334
6335
6336
6337
6338
6339
6340
6341
6342
6343
6344
6345
6346
6347
6348
6349
6350
6351
6352
6353
6354
6355
6356
6357
6358
6359
6360
3040
3666
6363
5784
6365
6366
6367
6368
623
6370
5031
6372
6373
8049
6375
6376
6377
6378
6379
6380
6381
6382
6383
6482
6385
6386
6387
6388
9024
6390
6391
6392
6393
6394
6623
6396
6397
6398
6399
6400
6401
6402
6403
6404
6405
6406
6407
6408
4699
6410
589
6412
6413
6414
6415
6416
3277
6418
8833
6420
6421
6422
5121
28
6425
6426
6427
6428
5055
6430
6431
6432
6433
6434
6435
6436
4630
6438
6439
6440
6441
6442
6443
6444
6445
5954
6447
6448
6449
6450
6451
9547
9604
6454
6455
6456
6457
6458
6459
6460
6461
6462
6463
6939
6465
6466
6467
6468
6469
6470
6471
6472
6473
6474
2395
6476
7239
6478
6479
6480
6481
6384
8509
6484
6485
6486
6487
6488
6489
6490
6491
6492
6493
6494
6495
6496
6497
6498
6499
6500
6501
6502
6503
6504
3366
3489
2319
6508
6509
6510
6511
6512
6513
6514
6515
6516
6517
6518
6519
6520
6521
7731
6523
6524
6525
6526
6527
6528
6529
6530
6531
3696
6533
6534
6535
6536
6537
6538
7794
6540
6541
6542
6543
3076
6545
6546
6547
6548
6549
6550
6551
6552
6553
6554
6555
6556
6557
6558
6559
6560
6561
5839
7842
6564
3124
6566
6567
6568
6569
6570
6581
6572
6573
2812
6575
6576
5935
6578
6579
6580
6571
7304
6583
4596
6585
6586
6587
6588
6589
6590
6591
6592
6593
7173
5004
6596
6597
6598
6599
6600
6601
6602
6603
6604
6605
6606
6607
6608
6609
6610
6611
6612
6613
121
6615
6616
6617
6618
6619
6620
6621
6622
1391
6624
6625
6626
6627
6628
6629
6630
6631
6632
6633
6634
6635
6636
6637
6638
6639
6640
6641
6642
6643
6644
6645
6646
6647
6648
792
6650
6651
6652
6653
6654
6655
6656
6657
6658
6659
1506
6661
6662
6663
6664
6665
6666
6667
6668
6669
6670
7785
6672
6673
6674
6675
6676
677
6678
6679
6680
9641
285
6683
6684
6685
6686
6687
6688
6689
6690
1119
6692
1409
6694
6695
6696
6697
6698
6699
5181
6701
409
6703
6704
6705
6706
6707
6708
6709
6710
6711
6712
6713
6714
6715
6716
6717
6718
6719
6720
5689
6722
6723
6724
6725
6726
20
6728
6729
6730
6731
9789
6733
6734
6735
6736
9473
6738
6739
6740
6741
6742
6743
6744
6745
6746
6747
6199
6749
4372
2166
6752
4134
3334
6755
6756
6757
6758
6759
6760
6761
1766
6763
6764
6765
6766
9284
6768
6769
6770
6771
6772
6773
6774
6775
6776
6777
4516
6779
6780
6781
6782
6783
6784
6785
6786
6787
6788
6789
6790
6791
7663
6793
2289
6795
9511
7423
6798
9886
2091
8326
6802
6803
6804
6805
7792
6807
309
6809
6810
6811
6812
6813
6814
6815
6816
8724
6818
6819
3656
3952
1864
6823
6824
6825
6826
6827
7254
6829
6830
3548
6832
6833
6834
6835
6732
6837
6838
6839
6840
6841
6842
6843
9289
6845
6846
6847
6848
6849
6850
5625
6852
6853
4760
6855
6856
6857
6858
6859
3267
6861
6862
6863
6864
3471
7631
6867
6868
6869
956
6871
6872
6873
6874
6875
6876
6877
271
6879
6880
6881
6882
6883
6884
6885
6886
6887
6888
6889
6890
6891
6892
6893
6894
6895
3406
6897
6898
6899
6900
6901
6902
6903
1608
6905
6220
1114
6908
6909
6910
6911
6912
6913
6914
6915
6916
6917
6918
6919
6920
6921
6922
9156
6924
6925
6926
6927
2228
6929
6930
6931
6932
6933
6934
6935
6936
6937
6938
8675
6940
6941
3216
6943
8788
6945
6946
6947
6948
6949
6950
7188
6952
6953
6954
6955
6956
6957
6958
6959
6960
6961
7672
6963
6964
6965
6966
6967
6968
6969
6970
6971
6972
6973
6974
4059
6976
6977
6978
6979
6980
6981
6982
6983
6984
6985
6986
6987
9844
6989
2796
6991
6992
6993
2988
6995
6996
6997
6998
6999
7000
7001
7002
2139
7004
7005
7006
7007
1713
7009
7010
889
7012
7013
7014
7015
9035
7017
7018
7019
7020
7021
7022
8552
7024
7025
7026
7027
7028
7029
7030
7031
7032
7033
7034
7035
7036
7037
2989
8257
7040
7041
7042
7043
7044
7045
7046
8570
4753
7049
7050
1402
7052
7053
6
7055
7056
7057
7058
5785
7060
7061
7062
7063
7064
7065
7066
7067
7068
7069
7070
7071
7072
7073
7074
7075
7076
7077
9568
7079
7080
7081
7082
7083
5484
7085
7086
7087
6748
7089
7090
7091
7092
7093
3704
7095
7096
7097
4979
7099
7100
7101
7102
7103
7104
7105
7106
7107
1176
7109
4746
5798
7112
7113
7114
7115
7116
8110
1319
7119
7120
7121
7122
7123
7124
7125
7126
7127
7128
7129
7130
7131
7132
7133
7134
7135
2482
7137
7138
7139
5588
7141
7142
7143
7144
7145
7146
7702
7148
7149
7150
7151
7152
7153
7154
7155
7156
7157
7158
213
7160
7161
7162
7163
7164
7165
7166
7167
4070
9498
7170
7503
7172
6594
7174
7175
9699
7177
4983
7179
7180
7181
7182
346
7184
7185
7186
7187
6951
7189
7190
7191
7192
7193
7194
7195
7196
7197
7198
7199
1594
7201
7202
7203
7851
7205
7206
7207
7208
7209
7210
7211
7212
7213
7214
7215
7216
7217
7218
7219
7220
8046
7222
7223
7224
7225
7226
7227
7228
7229
7230
7231
7232
3263
7234
7235
7236
7237
7238
6477
7240
7241
7242
7243
7244
7245
7246
7247
7248
7249
7250
9148
7252
7253
8228
8619
7256
7257
7258
7259
7260
7261
3654
7263
7264
7265
362
7267
7268
7269
7270
7271
7272
7273
7274
4669
7276
7277
7278
7279
7280
7281
7282
7283
7284
7285
7286
4384
2214
7289
7290
7291
7292
7293
7294
7295
7296
7297
7298
7299
7300
7301
2897
7303
6582
7305
7306
7307
7308
7309
7310
7311
7312
7313
4177
8978
7316
7317
6066
7319
7320
7321
7322
7323
5016
7325
7326
7327
7328
7329
7330
2483
7332
805
7334
6806
7336
7337
2478
7339
7340
7341
7342
7343
7344
7345
7346
7347
7348
7349
7350
7351
7352
2573
7354
7355
7356
7357
7358
7359
7360
7361
1408
7363
7364
7365
7366
7367
7368
7369
7370
4208
7372
9255
7374
7375
5586
7377
7378
7379
7380
7381
7382
7383
4188
7385
7386
7387
7388
2514
7390
7391
7392
2665
7394
7395
7396
7397
7398
7399
7400
7401
7402
7403
388
770
7406
7407
7408
7409
7410
7411
4091
7413
7414
7415
7416
7417
7418
7419
7420
9452
7422
6797
7424
7425
7426
9080
7428
7429
7430
7431
7432
7433
9471
7435
7436
7437
7438
7439
7440
7441
7442
7443
7444
7445
7446
7447
7448
7449
7450
7451
7452
5579
7454
7455
7456
5478
7458
7459
7460
1534
7462
7463
7464
7465
6180
7467
7468
7469
7658
7471
7472
7473
7474
7475
548
7477
3158
7479
1979
7481
7482
7483
922
7485
7486
7487
7488
7489
4471
7491
7492
7493
7494
3569
7496
7497
7498
7499
1084
7501
7502
7171
8420
2524
7506
8071
7508
7509
7510
7511
7512
7513
7514
7515
7516
7517
7518
7519
7520
7521
5896
1956
7524
7525
7526
7527
7528
7529
5433
2785
4103
7533
7534
7535
7896
7537
7538
7539
7540
7541
7542
7543
7544
7545
7546
7547
7548
8342
7550
7551
7552
7553
7554
7555
7556
7557
7558
7559
7560
7561
7562
7563
7564
7565
7566
7567
1047
7569
7570
7571
7572
7573
7574
7575
7576
7577
7578
7579
7580
7581
7582
8854
7584
7585
7586
7587
7588
7589
7590
7591
7592
7593
7594
7595
7596
7597
7598
7599
1341
7601
7602
7603
7604
4299
7606
7607
7608
7609
7610
7611
5557
7613
7614
7615
7616
7617
7618
1903
7620
7621
8421
7623
7624
7625
7626
4098
7628
7629
7630
6866
7632
7633
3762
7635
7636
7637
9980
7639
7640
7641
7642
9377
7644
7645
7646
7647
7648
7649
7650
7651
5961
7653
7654
7655
7656
3225
7470
7659
7660
7661
7662
6792
7664
7665
7666
7667
7668
7669
7670
7671
2266
7673
4675
7675
7793
7677
440
7679
7680
7681
7682
2716
7684
7685
3395
3290
7688
7689
7690
7691
7692
7693
1198
7695
5698
7697
7698
7699
7700
7701
7147
7703
7704
7705
7706
7707
7708
9664
7710
7711
7712
859
766
7715
7716
9695
7718
7719
7720
7721
7722
7723
7724
7725
443
7727
7728
7729
7730
6522
7732
7733
7734
7735
7736
745
7738
6274
7740
7741
7742
6222
7744
7745
7746
7747
7748
7749
159
7751
521
7753
7754
7755
7756
7757
7758
7759
5662
2875
7762
7763
7764
7765
7766
7767
7768
7769
2292
7771
7772
7773
7774
7775
7776
7777
7778
5906
7780
7781
4337
5751
7784
6671
7786
7787
6267
7789
7790
7791
7335
7676
6539
7795
7796
7797
7798
7799
7800
7801
7802
7803
7804
7805
7806
7807
7808
7809
7810
7811
7812
7813
7814
5066
7816
8981
7818
7819
7820
7821
1467
7823
7824
9354
7826
2802
7828
7829
7830
2773
7832
7833
7834
7835
7836
7837
7838
5249
7840
7841
6563
7843
7844
7845
3002
7847
7848
7849
7850
7204
5435
7853
7854
7855
7856
2968
7858
7859
7860
7861
7862
7863
7864
7865
7866
3589
7868
7869
7870
7871
7872
7873
7874
7875
7876
7877
7878
7879
7880
7881
7882
7883
2664
7885
7886
5973
3812
7889
8701
7891
7892
7893
9494
7895
7536
7897
7898
7899
7900
7901
7902
7903
7904
5077
7906
7907
7908
7909
7910
7996
7912
7913
7914
7915
7916
7917
7918
7919
7920
7921
7922
7923
7924
7925
7926
7927
7928
7929
7930
7931
7932
7933
2952
8949
7936
7937
391
5922
7940
7941
7942
3223
7944
7945
7946
7947
7948
7949
7950
9791
7952
7953
7954
7955
7956
7957
7958
7959
6002
7961
7962
7963
7964
7965
1746
7967
7968
2191
7970
2426
5821
7973
7974
7975
1636
7977
7978
7979
7980
7981
7982
4328
7984
7985
7986
7987
7988
7989
9227
7991
7992
7993
7994
3324
9933
7997
9812
7999
8000
8001
7016
8003
8004
8005
8006
8990
8008
8009
2348
8011
8012
8013
8014
8015
8016
8017
8018
8019
8020
8021
5431
8023
8024
8025
8026
8027
8028
8029
8030
8031
8032
8033
8034
8035
8036
9339
8038
2814
8040
8041
355
8043
8044
8045
9534
8047
8048
6374
8050
8051
8052
8053
8054
8055
8056
8057
8058
2296
8060
3220
8062
8063
8064
3617
8066
8067
8068
8069
5976
9096
8072
8073
8074
8075
825
2135
8078
6682
8080
8081
8082
8083
8084
8085
3295
8087
8088
8089
8090
8091
8092
8093
8094
8095
8096
8097
8098
8099
8100
8101
2383
9084
8104
8105
8106
8107
6361
8109
3269
8111
8112
8113
8114
8115
8116
8117
8118
8119
8120
8121
8122
8123
8124
8125
8126
8127
8128
8129
1318
8131
8132
8133
8134
8135
8136
8137
8138
8139
8140
8141
8142
8143
8144
5548
8146
837
8148
8149
8150
8151
1699
8153
8154
8155
8156
8157
8158
8159
8160
8161
8162
8163
8164
8165
8166
8167
8168
8169
8170
8171
1339
6001
8174
8175
1127
8177
8178
8179
8180
8181
8182
8183
8184
8185
8186
1166
8188
8189
8190
8191
8192
8193
8194
8195
8196
8197
8198
8199
8200
1690
8202
8203
8204
8205
8206
8207
8208
8209
8210
8211
8212
8213
8214
2080
9174
8217
8218
8219
8220
8221
3841
4940
3371
8225
8226
8227
4704
8229
8230
8231
9507
8233
8234
8759
8236
8237
8238
8239
8240
8241
8242
8243
8244
9759
8246
1549
8248
8249
8250
8251
7894
8253
8254
8255
8256
7039
8258
8259
8260
8261
8262
8263
223
9894
8266
8267
8268
8269
796
8271
8272
9268
8274
5944
8276
3433
5064
8279
8280
8281
512
8283
8284
8285
8286
8287
8288
8289
8290
8291
8292
8293
8294
8295
8296
8297
8298
9054
8300
8301
8302
8303
4498
957
8306
8307
1305
8309
8310
8311
8312
846
8314
8315
8316
8317
8318
8319
8320
8321
8322
8386
8324
8325
6801
8327
4988
8329
9296
8331
8332
5986
8334
8335
8336
8337
8338
8339
8340
8341
3972
8343
8344
1209
8346
8560
8348
8349
8350
4872
8352
8353
8354
8355
8356
2992
8358
8359
3993
3073
8362
8363
8364
8365
8366
8367
8368
8369
8370
8371
8372
8373
8374
8375
8376
8377
8378
8379
8380
8381
8382
8383
8384
8385
8323
8387
8962
8389
8390
8391
8392
8393
8394
8395
8396
8397
8398
8399
8400
8401
8402
8403
8404
8405
8406
3963
8408
8409
5704
8411
8412
8413
8414
8415
2314
8417
8418
6281
7504
7622
8422
8423
8424
8425
8426
2470
1730
8429
8430
8431
8432
8433
8434
8435
2548
8437
8438
8439
8440
8441
8442
8443
8444
8445
8446
8842
8448
8449
4175
908
8452
4859
8454
8455
8456
6149
8458
8459
8460
8461
8462
8463
8464
8465
8466
8467
8468
8469
8470
8471
8472
8473
2610
8475
8476
8477
3079
8479
8480
1141
3688
8483
8484
8485
8486
8487
8488
8489
8490
8491
8492
8493
8494
8495
5721
8497
8498
8987
8500
8501
8502
8503
8504
8505
8506
8507
8508
6483
8510
3709
8512
8513
8514
8515
938
4833
8518
8519
3228
8521
8522
8523
8524
5116
8526
8527
8528
8529
8530
8531
8532
9169
8534
8535
8536
8537
8538
8539
8540
8541
8542
8543
8544
8545
8546
9897
8548
8549
6371
8551
7023
8553
9795
4590
8556
8557
8558
8559
8347
8561
6315
8563
8564
8565
1244
8567
8568
8569
7047
8571
8572
8573
8574
8575
5816
8577
8578
8579
8580
8581
8582
8583
8584
5914
8586
8587
3593
8589
8590
8591
8592
8593
8594
8595
8596
8597
8598
8599
8600
2357
8602
8603
8604
8605
8606
8607
8608
8609
8610
8611
8612
8613
8614
8615
8616
8617
8618
7255
5362
5046
8622
1935
8624
8625
8626
8627
8628
8629
8630
8631
8632
8633
8634
8635
8636
8637
8638
8639
8640
8641
8642
8643
8644
8645
8646
8647
8648
8649
8650
2607
8652
8653
8654
8655
8656
8657
8658
8659
8660
8661
8662
8663
8664
8665
8666
8667
8668
8669
8670
8671
8672
8673
8674
6464
8676
8677
8678
8679
8680
8681
8682
8683
8684
4044
8686
8687
8688
8689
8690
4785
8692
8693
8694
8695
8696
8697
8698
6162
8700
9314
8702
8703
8704
1042
8706
8707
8708
8709
8710
8711
398
8713
8714
8715
8716
8717
8718
8719
8720
414
8722
8723
6817
8725
8726
3009
6218
8729
8730
1597
8732
8733
8734
8735
8736
474
8738
8739
8740
8741
8742
8743
8744
8745
8746
8747
8748
8749
8750
8751
8752
8753
4714
8755
8756
8757
8758
8235
752
896
8762
8763
4908
239
8766
8767
8768
8769
4609
8771
8772
8773
8774
8775
8776
8777
8778
8779
8780
8781
3248
8783
8784
8785
8786
8787
6944
8789
8790
8791
8792
8793
8851
8795
8796
8797
8798
8799
8800
8801
8802
8803
8804
8805
8806
8807
8808
8809
8810
8811
8812
8813
8814
8815
8816
1893
8818
92
8820
5948
8822
8823
8824
8825
8826
8827
530
8829
8830
8976
8832
6419
8834
8835
3421
8837
8838
8839
8840
3835
4246
8843
8844
8845
2830
8847
8848
8849
8850
6065
8852
8853
7583
8855
8856
8857
8858
8859
8860
8861
8862
8863
8864
8865
8866
1739
8868
8869
8870
8871
8872
8873
8874
8875
8876
4107
8878
8879
1263
8881
8882
8883
8884
4373
8886
8887
8888
8889
8890
4517
8892
8893
8894
8895
5090
8897
8898
4791
5053
8901
8902
8903
8904
8905
8906
8907
8908
8909
8910
8911
8912
8913
8914
8915
8916
8917
8918
8919
8920
8921
8922
8923
8924
8925
8821
8927
5611
8929
8930
8931
8932
2623
8934
4383
8936
8937
8938
8939
8940
2803
8942
8943
8944
8945
8946
8947
8948
7935
8950
8951
8952
8953
8954
8955
5183
8957
8958
8959
8960
3074
8388
8963
8964
8965
8966
8967
8968
9445
8970
8971
8972
8973
8974
8975
8831
8977
7315
8979
8980
7817
8982
8983
8984
8077
8986
8499
8988
8989
8007
8991
8992
8993
3551
8995
9181
8997
8998
8999
1254
9001
9002
9003
9004
2198
9006
9007
9008
9009
9010
9011
9012
4395
9014
9015
9016
9017
3497
9019
9020
9021
9022
9023
6389
9025
9026
5082
9028
9029
9030
9031
9032
4944
9034
8002
9036
9037
9038
9039
9040
9041
9042
9043
9044
9045
9046
9047
9048
9049
9050
9051
9052
9053
8299
9055
9056
9057
9058
9059
9060
9061
9062
9063
9064
9065
9066
9067
9068
9069
9070
9071
9072
9073
9074
9075
9076
9077
1944
868
7427
7405
9082
9083
8103
9085
2068
9087
9088
124
9090
9091
9092
9093
3882
9674
4793
9716
9098
9099
9100
4289
9102
9103
9104
9105
9106
9107
9108
9109
9110
9111
9112
9113
9114
9115
9116
9117
9118
9119
9120
9121
9122
9123
9124
9125
9126
9127
9128
9129
9130
2753
9132
9133
442
9135
9136
9137
9138
9139
9140
9141
9142
9143
9144
9145
9146
9147
7251
9149
9150
9151
9152
9153
9154
9155
5402
9712
9158
9159
9160
9161
9162
7825
9164
9165
9166
9167
9168
2691
9170
9171
9172
9173
8216
9175
9176
9177
9178
9179
9180
2025
9182
9183
9184
9185
9186
9187
9188
9189
9190
9191
9192
9193
9194
9195
9196
9197
9198
9199
9200
6296
9202
9203
9204
9205
9206
9207
9208
9209
3210
9211
9212
9213
9214
9215
9216
9217
1130
9219
3754
9221
9222
9223
9224
9225
9226
7990
9228
9229
9230
9231
1179
9233
9234
5746
9236
1687
4011
9239
9240
9241
9242
9243
1995
9245
9246
9247
9248
9249
9250
9251
9252
9253
9254
7373
9256
9257
9258
9259
9260
9261
9262
9263
9264
9265
9266
9267
8273
9269
9270
9271
9272
9273
9274
9275
5354
9277
9278
9279
9280
7657
9282
9283
6767
9285
9286
9287
9288
6844
9290
9379
9292
9293
9294
9295
8330
9297
9298
9299
9300
9301
9302
9303
9304
9305
9306
2622
2344
9309
9310
5110
9312
9313
7890
9315
9316
9317
9318
9319
9320
9321
9322
9323
9324
9325
9326
9327
9328
9329
9330
9331
9332
9333
9334
9335
9336
9337
9338
8037
9340
9341
9342
3713
9344
9345
9346
9347
9348
9349
9350
9351
9352
9353
9163
9355
9356
9357
2899
9359
9360
9361
9362
9363
9364
9365
9366
9367
9368
9369
9370
9371
9372
9373
9374
9375
9376
7643
9378
9291
9380
9381
9382
9383
9384
9385
9386
9387
9388
9311
9390
9391
9392
1572
9394
9395
9396
9397
9398
9399
9400
9401
9402
9403
9404
9405
9406
9407
9408
9409
9410
9411
9412
9413
9414
9415
9416
9417
9418
9419
9420
9421
4922
9423
9424
9425
9426
9427
9428
9429
9430
9431
1573
2746
9434
3549
4306
9437
9438
9439
9440
9441
9442
9443
9444
8969
9446
9447
9448
9449
9450
9451
7421
9453
9454
9455
2505
9457
9458
9459
9460
9461
9462
9463
832
9465
9466
9467
9468
9469
9470
3106
9472
6737
9474
9475
9476
9477
9478
9479
9480
9481
4324
9483
9484
9485
9486
9487
9488
9489
9490
9491
9492
9493
8252
9495
2531
9497
7169
9499
9500
9432
5537
9503
2669
9505
9506
5305
9508
9509
9510
6796
1648
9513
9514
9515
9516
9517
9518
9519
9520
9521
9522
9523
2132
9525
9526
9527
9528
9529
9530
9531
9532
9533
7221
9535
9536
9537
9538
9539
9540
9541
9542
9543
9544
9545
9546
6452
9548
9549
9550
9551
4587
9553
9554
9555
9556
9557
4279
1060
6064
9561
9562
9563
9564
9565
9566
9567
7078
9569
9570
9571
9572
9573
4458
9575
9576
9577
9578
4202
9580
9581
9582
9583
9584
9585
9586
9587
9588
9589
9590
9591
9592
9593
9594
9595
9596
9597
9598
9599
1568
9601
9602
9603
6453
9605
9606
9607
9608
9609
9610
5628
9612
9613
9614
9615
3689
9617
9618
2772
9620
9621
9622
9623
9624
829
9626
9627
9628
9629
9630
9631
9632
9633
9634
9635
9636
9637
3606
9639
9640
6681
9642
9643
4453
9645
9646
1413
9648
9649
9650
9651
9652
9653
9654
5849
9656
9657
9658
9659
9660
9661
9662
9663
7709
1428
9666
9667
9668
9669
8232
9671
9672
9673
9095
9675
9676
9677
2203
9679
9889
5572
9682
9683
9684
9685
9686
9687
9688
9689
9690
9691
1844
9693
9694
7717
9696
9697
9698
7176
9700
9724
9702
9703
9704
9705
9706
7884
2565
9709
9710
9711
9157
9713
9714
9715
9097
9717
9718
2159
9720
9721
9722
9723
2981
9725
9726
9727
9728
9729
9730
9731
3545
9733
9734
9735
9736
9737
9738
9739
9740
9741
9742
9743
9744
9745
9746
9747
9748
9749
9750
9751
9752
9753
9754
9755
9756
9757
9758
8245
9760
9761
7453
9763
9764
9765
5115
2867
9768
9769
9770
9771
3128
9773
9774
9775
9776
9777
9778
9779
3673
9781
9782
9783
9784
9785
9786
9787
9788
6836
9790
7951
9792
9793
9794
3122
9796
9797
9798
9799
9800
9801
3246
9803
9804
9805
9806
9807
9808
9809
9810
9811
4645
9813
9814
9815
9816
9817
4170
9819
9820
9821
9822
9823
9824
9825
9826
5376
5361
9829
3761
9831
5287
9833
5810
9835
9836
9837
9838
9839
9840
9841
4131
9843
6988
9845
9846
9847
9848
9849
9850
9851
9852
9853
9854
9855
9856
9857
9858
9859
9860
9861
9862
9863
9864
9865
9866
9867
9868
5980
9870
9871
4486
9873
9874
3947
9876
9877
9878
9879
1773
9881
9882
471
3447
9885
6799
9887
9888
9680
9890
9891
9892
9893
8265
9895
9896
8547
9898
9899
9900
9901
9902
9903
9904
9905
9906
9907
9908
9909
9910
9911
9912
2265
9914
9915
9916
9917
9918
9919
9920
9921
9922
9923
9924
9925
9926
9927
5841
9929
9930
3986
9932
37
9934
1584
9936
9937
9938
9939
9940
9941
9942
9943
9944
9945
9946
6048
9948
3974
9950
9951
9952
9953
9954
9955
9956
9957
9958
9959
522
1977
9962
9963
9964
9965
9966
9967
9968
9969
9970
9971
9972
9973
9974
9975
604
9977
9978
9979
1389
9981
9982
9983
2103
9985
9986
9987
9988
9989
9990
9991
9992
9993
9994
9995
9996
9997
9998
9999
