23195863
5882
43099189
4051
31446671
67942
4513233
88301
76422842
96383
98635388
45920
76164342
92218
55290262
96726
57890521
85119
21627104
39490
65138757
92779
39841924
77979
20795501
3754
21599655
66322
32821578
68712
18716309
85906
91342659
15654
24516114
63324
72633579
92673
19909350
27067
40562521
78254
84838851
38191
57785285
24178
2764500
80288
1053015
58903
51305421
79246
77948450
65440
70057592
34766
95816585
40304
30066813
43056
86218948
66784
17961864
97280
90355726
42175
83178815
42226
48562231
82041
65904716
93060
83189389
38933
34759479
68635
76747964
1320
1207224
28688
51909279
84832
61951579
92159
89727122
3647
279752
43065
17617987
71564
96654562
26125
34675386
85066
68316800
89137
49590470
13776
8980218
75613
65305872
58078
24239929
27333
18823540
2018
25611965
46703
92811
20908
45668262
45758
16389180
17134
34116145
38290
64004462
34146
42650032
69271
70542986
20375
17459911
62161
55517367
21412
39121571
68124
87629311
3131
29586378
88415
84299283
55659
22667103
92142
27700911
24378
97689272
97901
44672801
12234
63424637
7077
98370938
98441
84053682
49523
9181826
61722
79933267
97580
80454176
59938
61564930
3395
56794
88644
70331254
78825
51077954
89983
19970317
69093
49102827
98844
76408189
77599
97711303
3591
20324829
70749
84937429
64075
71800404
55816
8841093
44192
15657033
45106
62801621
79908
83593963
93082
68310478
53500
76428292
12393
50484824
58717
81603678
84201
5796855
3840
40968054
17730
44073252
49431
33355833
32115
81738187
38027
21066879
63749
48211544
27766
91269543
74037
43734105
69207
99239338
86309
55526390
24492
56126639
87714
30441481
6355
31321976
97261
83888294
2088
91865468
94293
84127249
47761
8084856
33813
11127631
30538
82754400
68339
84620395
78098
7873857
44950
11289148
21849
62924330
11267
80808770
26331
13260227
97399
29512261
29499
52148261
42915
99392031
48630
94242131
28968
55974984
56613
45460080
31734
26453292
11020
78743430
94044
32939947
60713
77474632
52540
79240692
85413
84941082
87332
73414298
80212
89721068
53897
89203683
78572
25986983
80983
34755201
77064
88562481
23535
38118022
90135
62096199
96933
24058698
28380
76607037
13756
23837434
3771
76560704
89748
13696156
67999
1258598
7358
57693324
62138
25533625
53200
12570411
83952
40756277
51910
64307541
61535
22106393
53590
25736115
53190
94400715
56154
89132697
7475
27782647
654
55882582
48812
41642429
55306
32566490
92111
66852314
87631
18217130
95185
6666377
45633
368752
82996
92362557
28600
8891705
96699
46048825
86951
98936306
73702
103533
94426
24905563
65461
13904580
59993
95618138
39211
27439458
99082
74684104
76361
40985576
82896
38052533
74048
94999940
43506
6905209
95540
99248724
79657
55797791
87723
36158172
92300
20989546
91353
66076182
25492
50388809
48089
72474822
9061
16989627
50030
51017908
52742
31891850
62719
98157602
31530
79118973
10346
39642565
5298
30530954
48074
97107623
26719
59511527
38023
51266672
41190
89914471
63319
50461473
6746
60895960
11416
93083984
6056
59921596
89353
59421045
99935
12026425
72491
82104727
41059
90826645
46359
76911908
68868
35285279
10684
89636633
30724
66922819
26874
31355099
32217
68651434
21179
68747509
15885
13550267
8636
38703034
22791
65828550
70323
78269684
11588
80221714
94639
61955921
25323
32414260
21537
52163232
23024
44206997
20220
44682311
51348
91229374
17828
12354079
36792
2425418
18562
56508166
1014
40949008
29577
33991850
69676
61586835
46973
71141347
4116
75574213
70501
68604222
96538
68101084
71664
95004697
20963
95141884
36033
95647485
85317
56930772
46426
87806379
31367
53017022
99298
85998781
37689
82416776
32869
84307868
5859
8130544
84009
62531005
1597
94883164
17628
51038660
40383
7971322
30286
36544984
66702
28200322
853
4728712
25174
49324767
49386
16336314
33786
90805928
51616
87232049
39827
42987705
39800
37823599
26752
11584391
61052
94782712
46795
37871431
20620
77813415
81748
74577479
71806
45910319
28008
30064865
48288
97708274
15243
92150157
10844
49324925
33450
57976322
12402
23045451
33830
5886711
56900
82114912
12168
90703697
12209
49117665
30137
72042754
8785
38717882
26750
36097596
24788
12985930
96626
10877926
13884
39284314
25028
95660784
44066
88274346
85013
55053559
4111
60141330
53613
6175151
52897
72664331
99200
97259061
92860
58984419
52575
1180165
36166
3243979
86971
40505087
7878
8750128
30715
26834459
62358
12558344
43020
60239920
6256
88532780
53297
69813781
66068
15894865
25699
64753265
14441
88583010
70399
99382838
702
8118474
54740
26625886
54076
98431503
4533
96425391
97788
4526492
57235
44749316
55458
35283419
23664
466912
51615
84445992
40525
66431710
46612
83669247
26682
84850560
55889
59893724
89752
15160259
10655
44386242
99782
85583504
50381
89442459
41046
10889253
90726
16519871
14895
40907705
14702
54173982
85804
91581889
8381
79143555
86102
89482349
22952
67611133
82336
60677379
79686
802546
76579
64253354
65240
65723804
67579
59668079
26706
87859789
41450
7895285
71290
21190624
92568
41403459
18743
60065667
63571
9160556
83456
68975199
13340
19071424
52990
81556230
7634
57921816
20318
9331204
50633
86134384
568
63794905
61992
38657815
78044
63235806
99696
74440183
92821
78199356
68958
46132393
22090
22705051
62115
27527939
70189
92881845
26952
50221244
24811
7440432
66493
76988477
60899
12171819
34773
93874100
47779
20859196
57551
64527850
68043
5187008
79488
74614911
34460
32454607
99320
3710105
96429
78662945
95839
2418680
45933
28871531
66121
8822725
38033
36833374
80275
16934329
86182
94985054
58856
43082152
85618
45304327
9025
14603434
26643
69567466
67678
4983153
19233
95266602
40195
21868348
47552
16058455
68159
8776922
62915
22063138
66984
86755087
91973
53807419
9736
49512067
79517
50466830
17464
47099561
45787
10299068
15104
86950332
99467
71476980
97243
26954275
85144
77556808
80858
66480261
84584
13679953
55269
27504985
48730
28582149
90858
63561685
87467
93888044
67398
46164782
7025
89829810
72100
99433013
79744
80515922
35701
1988731
68313
96201490
24065
36132726
59745
23679945
42866
65011584
94085
65218407
52361
21382585
58230
66213782
13138
29991303
39229
16218301
99591
21332560
29426
97411879
70639
7508144
67718
88744333
12044
40924871
2244
93546888
33434
6867967
33133
88673480
12259
68136861
8537
72367092
70853
92295925
57979
33896572
36491
25547076
41809
83484677
16336
22606915
50025
59621823
36104
84484517
33068
28193543
20713
53706714
81759
37916679
8862
26810504
29302
54417768
63396
77249106
32130
29860425
65053
79311788
46268
75288381
14384
47383738
21662
2696192
184
25754839
44513
88025761
68019
92539954
50793
86073030
15813
30979978
72929
20788371
47603
42802927
66031
1285150
70118
16078000
99864
2467363
5320
91286236
91845
50335333
86786
36989464
84331
10444136
16431
17470888
62979
72725894
24450
88021770
46737
54934448
40558
66248986
94600
74803151
22677
84205531
48147
5585998
89153
86387917
34675
80001946
11068
10664667
44732
24506815
24768
37104056
26079
89493606
68965
48109453
63648
7016126
65131
36075560
26125
30301537
81504
51506466
2473
24821383
59513
72051202
75182
42367587
82769
71594783
54160
73765720
69998
25421047
10346
6160089
42726
73752146
23967
39197923
61120
52246645
21037
64134415
72581
20310637
37912
24930868
13813
71424494
92113
2320500
38449
83076599
39032
73537985
82010
6178801
30427
18495241
92821
68210809
97627
74639197
54651
46930360
30925
62497535
3895
89323398
38528
4444213
86427
69971630
86959
79500963
74352
7145219
15600
83146912
4509
41730641
17195
73292251
23649
429508
93380
13617853
46741
89779035
42679
69741273
62439
98417503
85660
50091003
397
39823378
62192
90721267
50519
72028367
72256
76831787
44249
39446331
82656
4302824
66392
28299378
30921
38126731
32533
7470060
61901
94913788
1260
96462041
80284
50822692
1625
58289113
51210
80019205
40904
35903843
68383
1044449
94505
12680608
51377
13563468
79902
87278813
90177
54704880
21850
43200283
31053
16493984
42115
59914957
95079
50720799
51676
15608954
6367
88553761
27147
81780569
66042
11411746
29979
43771348
43567
46593248
36933
43217415
20487
834421
20689
59269505
72968
81073286
95823
78105298
33314
97795686
75948
20867364
22621
93413796
30316
49986181
52334
23306053
4268
60567269
82944
8589184
78262
78487548
99281
58478876
83209
77419874
15315
20157896
18675
43170333
49857
98323570
62831
96127328
56376
45206228
87559
8419097
40073
29127261
8380
60778713
82515
21658405
7512
3246996
11626
97305500
84395
26462020
85144
66804679
43018
88100587
74171
82905421
95441
67657063
13394
97468660
53409
85667600
49676
25351636
74417
44537991
97093
80929133
36793
44086600
38480
88177213
46013
2273709
37466
12482757
49767
3594808
35226
67323620
90433
84642891
65911
31276304
38547
82648258
97442
4647144
44239
23412100
23732
25783178
26185
51125956
52424
20560311
64505
38074252
85830
39149017
48796
2530294
68546
92061648
36896
30148866
34329
75390706
49815
23334828
59557
61791198
10803
33893200
76811
54750154
2312
10579248
97301
21878694
19333
16056544
85308
54106304
15415
10309909
93638
42296619
6216
28759992
50150
78440044
75103
2919121
52421
5065162
930
7058638
88612
19286954
29801
41111696
6015
62982603
78329
45808846
33297
17881820
28913
158366
39076
66602132
4126
78909121
42277
14386866
80067
29174632
11361
70295924
7229
62327665
52492
33537554
22523
53676120
50520
97486265
48466
8551952
59641
37919559
55299
72343711
35927
68041943
23923
76570141
42272
15855669
3157
82332088
66290
94334383
9023
72921473
92532
10741878
37049
84700460
17189
32360779
19104
10510640
31422
58428229
54767
15819453
74294
43225650
69051
14030880
43581
76411122
87135
73075974
36660
24624406
62938
58002626
48277
34183263
99738
37812792
70987
16620585
91212
33661861
1106
5583027
34070
41182422
72623
6315736
24244
72958938
6746
88753066
15544
48269496
11480
35663579
54351
42111927
75426
52153145
62784
27258678
14509
98247529
55580
67402483
22951
4145520
22819
73790566
68540
26721580
52082
61013325
25834
19920086
98057
72004118
74642
21527368
9202
52201016
36406
4042301
18491
26747081
55702
50097047
26781
87393068
57498
77543780
16016
77269644
13220
66129732
65115
94030875
12312
2810239
53530
79216981
27517
48611161
67604
54610523
40192
88422679
52905
99562511
48863
80058161
16918
61985943
22465
39041414
38718
78592771
45277
71196333
35072
98613865
78720
89725442
87061
82318882
73142
5291812
90435
19442085
49776
78094136
5360
75802088
14089
84994720
96098
83958055
65986
29796645
98415
12564325
75133
68446625
48913
80248221
92557
35953896
34824
80318925
18401
76748593
67427
75445488
32658
56470425
85964
92317051
95022
75161416
39821
37157046
58398
96183102
89200
80691995
29496
78365491
36514
75571043
15136
76693821
95695
18673638
46766
52485524
28452
25446307
58800
10743298
99841
3467306
49263
54224653
91418
43887294
26303
31804034
99166
81974090
9754
81893151
57289
87404662
10174
39158714
85163
66587000
95583
62759638
69233
40645821
94730
5995671
37293
21089293
64332
55137847
24269
57426873
52133
52948758
54093
57724319
74971
6188311
48836
61188394
33941
57031717
66087
45218610
88940
76461104
30896
18431823
84400
42207557
95976
4643701
71538
74834970
14379
7053490
76277
46342845
70653
80746230
28379
46211188
97038
90244274
43912
89569955
59729
6958130
21149
42321362
42256
28906228
88000
16467491
95720
60840085
52338
50741073
24375
9829323
46813
11586038
59098
50529383
65954
13282493
91947
35897398
91626
4290154
80517
60654133
89443
71202099
7499
51731718
88998
95263576
87424
52356454
23741
53727068
95300
77280821
16749
40676181
25430
49202119
90263
40870916
75492
45497904
2661
98336309
53583
20649684
83613
25776861
55085
74778532
47859
45824048
65751
84825241
24573
12014840
70343
39700593
5003
23441019
46041
46314594
46042
82286651
37274
71882376
23303
22206433
60656
28391034
30085
56857590
21738
32620884
67869
49583770
6089
97630075
38739
75857457
28827
46509331
85091
27716413
95233
80126523
59022
10821280
95803
59563036
12969
38241183
60558
68091734
20734
95975899
6386
62939230
46547
39554470
26673
56298130
83590
94620481
50119
647556
89151
52796886
81888
97666869
26521
70418904
38410
31898341
34585
59379231
59547
40241292
50584
14492913
47303
38136921
8649
45587899
3350
6322670
81966
7010608
2921
50585982
45844
83242481
7547
36348743
81198
17571509
1989
10296280
6244
73111535
79013
32616004
26279
1569071
29305
69104542
56565
6418051
37598
17120961
84665
91772504
20839
38626190
13660
13427872
20774
26680094
18744
73922152
21342
29306712
76258
94067313
23251
44727921
27111
85436124
19489
17525479
62557
9427457
36394
17784004
92445
7592773
12046
4557311
2261
37573266
93206
87680597
31509
49897745
13089
52016592
35049
25307555
35215
60736705
27427
59491163
65195
37383895
17210
91986187
93870
49032886
25772
99296921
66300
81291710
46100
43896660
91381
22663519
53766
98148495
54543
35158216
44388
11589355
46587
5495379
81725
53090467
87982
81087587
40897
95242365
96
80978890
5717
13921197
16027
79606547
58433
92397806
8052
7109330
31440
21983648
64033
12484982
27079
34590106
86066
54484301
12585
69365244
60512
4870898
16838
59619295
45695
81754185
19183
5282572
83356
85968676
78083
81652449
48749
40002616
30268
36307231
26406
32268660
30730
1252588
81614
31126088
78532
95072734
88890
56065770
84760
83780057
13294
76008898
19339
53204414
26364
15054596
95104
17754204
1824
67039531
16794
72403173
4301
64308874
47978
65426214
9886
79411099
76988
45145354
94617
50822782
1872
36519715
30365
31989455
41628
3131251
96
46945686
61684
36732810
60335
92054725
4380
9196557
90415
97308631
68438
20862644
80136
10672906
84011
68435187
92204
86015628
33147
11037069
85487
1949657
91384
79571612
14578
7509872
44388
34292093
56998
39170585
92900
89805594
74394
29066571
28083
14731927
47714
13411039
87022
41634311
68620
67456474
3844
34351570
91241
58205117
10143
72334106
4330
79413672
83785
39370252
55490
20726575
61696
89973104
69428
47333051
83952
31071790
94580
35077976
3656
25897192
60464
19956377
75387
43604978
17841
34248836
86412
57483030
95879
86161070
31414
32347036
49974
59534482
72689
2241081
10709
29896109
91532
94273421
28539
5054527
11818
58019970
11670
11706121
45824
27651907
89681
95980992
24677
32417281
50732
71141919
28493
56946668
94823
64395254
2017
3427565
87252
71550456
18727
25382643
51834
38491969
83649
7837224
27063
98773686
15121
37097344
31536
44061817
23486
16432546
32727
96089177
30394
40581143
88576
40180550
78585
95358470
53443
80074140
22075
90130990
41907
38334896
37808
58520726
93309
42808623
55348
86407154
30857
95278372
32309
19665384
12898
7467631
41116
66573210
15014
19250957
62247
14405471
71627
60522826
29044
60182722
79885
39526155
37891
86795639
90830
83298067
4255
86960378
57611
35701195
33186
73658556
45923
84380011
32225
10824631
1563
26270857
34655
40081336
44795
1254930
55879
39163011
76047
21968640
75285
6396861
35099
63397552
88780
99596676
20025
63592343
7714
7928085
66160
68357412
86706
67099927
14217
28720821
205
24924749
6120
714683
19972
18015662
58055
6709850
29740
43399174
44304
6863780
73076
51580277
29194
35632540
63548
94717467
4201
35383782
7376
15838245
64108
31770413
50829
89852191
84666
85359921
75357
34591393
51349
97432845
49867
80096395
5740
2620890
91168
22920968
3336
28934951
95935
50623389
81105
71175641
11064
6098948
14841
84841962
2997
8105328
23514
1781220
89962
61267747
48856
4940970
28460
80971796
51332
51571326
89913
39577327
97650
52733792
36139
69092610
64867
8690725
57908
56681764
24303
66343459
52926
50717124
32348
61617599
96843
69639972
74614
4370258
23165
26053405
91998
23663587
82239
62226801
96288
19744050
2309
83063822
52696
71471362
10883
66891919
73277
6452366
29536
11253573
14635
3522347
74655
33242421
12766
76335320
4917
45088269
66022
98289950
7646
31837002
71250
38445759
37288
99562269
47058
86041307
65829
26999709
91728
11957209
16779
70714057
28446
60886361
45657
44768960
95461
28718086
58056
50044744
15461
5300942
68369
49171372
82783
18558555
93506
9543095
89834
10686614
20409
82537399
62202
61760130
59366
99372781
96600
22033933
63300
94276422
35198
37426146
90512
18464811
61007
14720000
55644
63074737
15678
39904949
64725
45484447
54019
6869207
34873
53593700
47761
59305987
93644
43711856
69955
99554283
54161
60706708
64708
37993308
47269
5154215
78142
16575675
91697
23796467
74587
24161641
6025
62025921
77649
86629364
54435
79695326
66364
56379293
80895
85257376
23414
48926573
33750
29241791
29050
99232529
12718
70054493
41985
60454128
11827
54277995
72851
50206350
18444
11790408
60562
68786690
4138
26811996
40571
84798483
88769
77956203
77430
40010630
85689
19318299
15237
87204617
56721
79115599
98290
80717679
59301
43892772
91729
84139136
16463
4193496
70016
521143
69366
12802616
74585
47950551
95154
43124003
58839
46693719
25771
33742716
36299
30058085
38788
6999918
95739
89746850
9209
32941581
28405
58230786
39430
45329860
44833
56751231
21151
88827988
12205
23966025
70770
60925900
34969
12984073
83964
50214820
51761
28465411
68070
17863953
7418
79944947
76
42191376
45536
95304908
70200
20735784
78982
56359500
67718
19343374
4302
89473318
5366
88408610
45622
25310611
26643
88647390
57374
47332008
89151
22079672
46630
50589367
82181
6704343
79788
68036418
28653
95232154
63119
47835632
6282
76582235
93300
31764287
45903
69638675
28228
63819384
85750
60245270
76535
77365925
47483
56863263
12915
11678147
12923
79200351
31500
6967796
44603
35473265
2433
47753935
90077
47951897
89573
91636386
36309
67908309
61173
255476
35251
67270077
7076
50431170
55604
13590098
97501
18364110
70339
49901962
44750
1435964
1430
9426532
96698
27150027
4793
84944106
83615
94694558
72739
40351817
17357
99934803
60590
17210680
15652
6481393
98855
98417419
22736
9278559
8320
15988554
91875
10254877
91211
20967717
44783
87728204
16691
72900659
74422
6566039
54639
97327090
89130
55066008
87012
89166742
27882
40320836
27299
82773132
5873
30520280
54405
35015934
22166
76155525
44140
33302544
83760
77474725
37023
68701855
57148
59062459
28553
48813432
75380
9074876
75821
81667618
88383
64663267
98433
29120500
98733
35250348
75828
14493794
78359
12465081
33187
46837338
85336
23374009
61800
92567906
10553
6116293
73743
78601219
30857
84379773
68815
1836766
26175
21808090
85669
39989917
3816
43442609
39037
76363342
26834
6705732
63392
56955497
20000
60104632
52101
51131637
29331
93818270
85449
42943491
38044
10677856
95057
25373493
30156
26926317
69112
32588556
62845
34755315
51452
64765818
24896
10362354
69518
50516585
54495
90330432
77096
34006466
72125
87535813
45528
79503499
95392
75514251
25621
46868222
18129
67008998
22461
56172713
766
98222884
46171
62683811
59882
49060034
98831
29786048
35985
19752847
60168
40151984
72641
351336
50793
48521143
1699
89823839
67308
68134366
70720
16724249
59478
15660687
2562
53645338
30737
82639503
22035
73571656
94379
25118818
93945
94296498
69266
77445885
67028
25037433
9039
87189075
13212
21809794
34733
90842753
2332
49695667
38098
95675526
64274
50601371
92520
12404749
35990
43750227
78882
426093
41310
60143241
30778
86756913
15116
51012602
90048
95115161
62015
98579929
75181
48385985
85988
23137422
48020
73388917
92813
73494599
66571
39483755
10263
35704931
4251
56815948
81929
89072471
87658
86049458
24369
91273950
59736
66239845
58929
59873666
93666
67177629
69257
57114111
91812
21874631
81347
92025574
49819
17803295
76422
21254068
66307
78278897
36337
73631056
87331
56752144
30725
48982084
39775
52972354
62488
59370431
24096
11219084
59386
69595272
54264
79694028
16435
65510802
34538
23680312
77925
71949365
64436
85544963
72066
61673246
86937
83033342
85627
56754076
27480
27782085
38614
35588542
64570
29790090
44199
72344388
13818
4590047
35271
14825279
24428
62579265
63406
55189984
56233
56578997
8194
60063631
60710
88312293
21204
41356770
18058
37439975
49140
66215562
14901
56434795
49718
83293394
28903
22952017
51927
41056025
96762
93903809
39544
94146526
92910
35883056
51480
34172663
72630
36972928
77116
37721469
24122
89415718
38126
71189058
74999
24901978
83646
30743376
55715
96054408
66024
88425033
27476
34170740
31444
55539798
25378
92449461
47379
57434998
95184
54211568
9366
47655471
27357
5842577
4074
19056151
34560
8089470
14231
5169537
76990
34448104
58770
18745712
17205
19892517
19797
43199538
39776
67068487
87748
1036988
55411
51761532
58184
35138595
83770
74361896
86521
35454285
81119
87566444
88444
55999972
12226
59526501
34914
97431730
48887
8140826
90525
77713413
21014
87476777
28285
35945645
93046
42763627
95262
55048860
83585
72928930
2291
80739448
58807
91833926
49186
37294417
33074
44280693
45567
69534871
57321
14234977
86708
98217898
45774
40227333
24862
28191858
83003
26191875
83573
41466942
50112
25152064
49006
61742221
79109
17077374
1544
41009901
55525
38860593
40649
34649400
2834
83111363
54203
21114665
20021
2519560
77298
83611415
23579
49778607
89808
19505876
53625
56144314
60876
83093256
88
54936793
31579
66938412
32589
97421098
70548
29870082
16178
84377047
46980
39740479
16287
10519332
73448
75428792
26952
81323112
95403
22207101
10409
45758656
13930
75495257
79335
75842162
28174
12970108
74626
49280683
8833
50612634
48683
9518311
20727
99669602
89177
67915932
91564
23245889
56469
13902388
16213
50673458
97165
51291870
44605
79220933
95678
94135088
22616
82768875
40646
34750489
9404
13322342
53810
76041998
36554
7285867
85058
98463332
59007
3367469
85130
30748353
20755
22036968
88859
86141888
57154
35377568
24803
89088646
14881
70780440
66372
71173299
7031
68418321
81470
47609523
70595
2190321
58181
52327645
10337
86328905
36601
11698241
8062
76959464
24263
63495947
94340
16974181
86912
79216987
90167
70926736
40696
39859203
87965
63925435
43090
24541265
5444
60109178
59484
34589095
9360
10455033
26942
5968940
48684
86353033
46396
6217293
67673
58203595
5230
46454586
31159
26940785
43428
75904949
67919
64191792
6062
31792620
52277
67836674
50580
60670584
56785
52230486
47740
13920281
92909
14519703
76469
99172491
87371
27480614
3876
90064303
78004
85668778
42180
36093265
63102
28926620
13627
39882606
59508
75222688
90552
21099915
8316
67535377
65486
14462778
75529
87621272
48022
159920
40069
4343104
13252
26110103
5380
20415751
63569
85826556
59904
64152728
14692
32046578
7917
95120386
87102
66904374
74429
33447520
66661
84810162
71912
83634997
45369
93306114
53138
42532075
49526
11908880
16512
54996063
54010
18500036
44980
56662990
3570
5759983
52916
58475522
52094
88513683
90514
68691127
47893
79072628
69009
72278399
16482
11432512
27688
58774715
82954
78951616
99250
55625597
21939
46400826
66609
98874887
22645
42470512
501
74181754
51818
67197215
92907
98296897
17614
86623278
74605
3754158
98486
85793475
40268
88496602
61280
86320179
20631
27444069
29457
26085625
62845
33109473
59026
43232054
24709
8256536
73292
39427891
36508
42742758
75442
53977914
17933
28407487
24914
70343753
63139
86065938
90091
51833706
54935
7271296
83588
6046597
29863
12622981
33219
40454229
58218
48198751
2442
75065330
84239
9069503
66586
46938076
85471
38586256
65736
29446785
55502
70373315
49155
90893379
86891
29138451
45948
96599376
28004
86124092
4862
11901811
42753
83383821
67053
3321582
41688
93603950
26355
77360900
1148
1794060
92468
3705198
89220
38956499
76780
17153006
13893
24587013
73432
66989854
51496
25951214
86549
78272739
38097
35510691
70867
52817116
14117
46876544
53796
77494840
14157
23028063
62909
99517989
4060
99266357
38136
49329004
27444
96875404
29531
25914749
37873
23961373
18643
10444313
47113
85752203
19592
70234326
43244
10212138
77319
12613529
85113
85087832
37536
70584603
98181
9407262
86843
16763719
21992
11045760
19954
3698351
70929
23884380
15820
63719510
73933
60102194
82140
96786466
17849
86668850
8955
28512315
75743
16102280
52228
78279122
92670
13460528
8954
81345479
98731
14856194
19595
83145443
65611
51632143
83545
43998331
93124
6695841
5914
65323799
79487
4255518
66815
60671539
31570
62781712
13442
14152012
43002
58181432
86269
53640787
2709
46550781
66130
79149812
17297
5959409
93999
15897078
99530
18620132
16256
71527511
30142
47815125
65740
57998233
36619
89196195
14853
16080734
81663
13648725
93818
10144878
45094
40028219
37858
61058852
59610
26372465
53455
44774694
98488
72328717
33168
52578593
36704
48345589
74014
92467406
97137
76615748
10230
91368358
34095
76459984
751
79359022
97315
56738951
25796
88191827
13351
28276033
65311
34092248
29829
11391982
40704
58810897
95869
10207913
7113
23145860
35552
81250659
62592
78617453
6401
71763540
48041
66668695
84992
85591539
26995
76093613
57346
53148573
9031
2739638
74309
93841646
41580
23718200
81470
2380329
92113
29794530
23956
79777169
97791
75994749
41085
46712227
3771
3260907
29280
38496085
68601
97577711
30879
8405937
13928
82750440
42417
33219378
47638
59413643
20652
35007919
42993
78584819
58371
42057528
74735
95629185
27242
41619146
20906
12144580
90278
89244798
22671
56807521
68077
75277319
22586
97674233
89055
40344063
65862
48914185
52016
23273488
48151
9965689
26338
52043737
41181
67363670
52539
97195543
6615
91731877
55066
94279305
6399
61921912
47012
70785295
92754
43174578
37375
76439091
62505
14709585
29770
86734523
46106
10040667
98113
85272110
65726
18106034
9243
97654995
22140
59057235
70202
21895671
51413
58748039
24851
44857129
10755
93065303
54372
65707099
89314
81886388
65450
11132625
17373
74260979
15874
76992073
96437
48200931
69980
95318391
11632
15820578
8027
7182609
45235
14928500
68120
54289633
47663
75666401
27638
36381632
79677
95933810
23480
75714022
63887
23412002
15929
74270137
73503
71959624
20345
38982533
63772
15039947
89090
24230084
77897
910275
28950
7822874
54418
36923539
75982
95735210
99962
92144103
16790
16273433
71898
17145711
38064
78327176
76730
41703965
23485
67167229
84282
64818871
88978
6107908
96433
33038219
88181
90332243
17204
78697926
51046
96890292
11609
8649344
46861
52741223
32629
16227444
20611
57364987
7343
3143193
24887
62328158
23805
75060496
88814
40241689
95645
64990385
26674
60158446
8199
94062687
47105
89412746
34727
90769227
28673
15329982
64336
77932499
79148
96577497
93766
71925764
28319
23534527
90844
4633593
56622
88342437
70091
51202886
53875
95819866
37375
57987722
6727
67061000
94120
96418675
71594
64550795
56174
76868215
30606
13071850
64619
88609288
85871
84938467
57384
61817054
71253
36053584
24573
90436578
59976
34172093
50115
4228183
22999
43647910
69587
78602957
95667
467410
17218
56282259
32416
51360533
68530
25663197
24075
69936718
97428
49557025
98712
60206115
45424
58166129
81587
19894574
79384
35245244
36949
82472119
68075
63343576
39415
20757309
55036
61604304
71952
82266224
15064
44075633
10398
70288162
11995
93412093
2431
45344075
73126
40119053
26656
32106888
86211
35315694
31510
49118230
3113
80973509
43108
12300799
55548
65498885
39649
35468000
53312
24546881
95065
88586286
74710
43267041
29299
2733785
31079
44245414
32226
15574706
22247
64846052
36916
72557692
77992
63292880
85128
17639228
35230
86183123
3066
96148
98305
84190064
952
59003020
19972
57781499
14766
22715692
20269
85583668
60873
98717580
93513
99297916
61635
34675489
67378
3918863
27184
56269528
63976
84582526
10629
37949466
40845
87765905
69266
2201015
32267
7442246
68292
59846933
1124
5619102
22923
10293161
50979
29130912
5959
79597296
47788
24280276
65889
58243716
74525
88506618
44586
58840156
34170
13363518
47847
17933673
85836
76949601
37477
38224719
53796
11732415
50114
5878115
19016
12353137
97747
70447385
76635
56243475
41598
7801144
40965
92774318
70185
42584940
43530
78406355
91574
26540954
29455
20846903
86548
55903647
78781
18406279
5535
5119868
68674
81736179
49784
89901968
17581
7857832
35114
77536459
11048
19327558
51458
260903
46130
72510006
99747
70208133
16367
77045432
72129
28019229
84296
57233860
31251
86486774
55396
8288974
34468
67940365
86270
14030441
17324
46576277
6179
34223950
1721
52458652
31658
77441568
56621
80337360
99082
75814758
99049
96748603
26813
36614009
73910
81148180
72468
882914
93071
17309259
68656
47777851
45562
40332347
19166
81516162
43069
83343729
68533
34799289
98318
84385230
25893
78101019
2192
42288936
7251
56097130
77300
29024003
29352
50064484
99036
85588769
25019
42734812
5479
38941162
44140
28873609
2672
81742565
98984
9957647
67122
19862801
68403
26772919
46476
43675413
44082
16528738
68366
63467977
65325
33164531
5943
90362192
68788
24423965
31906
9348975
24904
22980335
55581
63124818
68090
23058009
7333
16391016
76100
18459628
22422
18770986
93734
73577918
86552
97213809
38670
93841765
69665
54565900
51762
48927780
55362
70782830
68947
91530360
53503
82133749
21508
27273967
61058
88805233
75575
49014181
3300
52015982
57031
86330094
44988
42530469
49058
99485186
5802
28223879
98642
58753191
61377
11541140
66753
36464358
58086
41294875
5753
68787026
46029
24740841
2311
41820386
65568
61241135
64450
60574501
69558
73057686
22463
87492726
55600
63082382
91878
24294617
80802
91093411
26532
87275473
82420
90914335
91749
38724388
1851
27440512
62643
77812003
29121
76231739
37316
28639156
7045
40817917
23747
154990
84009
51083930
99741
95488069
165
80054262
23514
75025689
21428
24487674
64512
27512120
57994
82810495
15494
14206379
98978
18457683
49626
59818697
9464
46524739
67486
21704118
17061
1705671
88095
54643345
8197
35579893
77241
40013663
57253
82207526
9584
61646194
88690
41881612
26402
62217198
71599
57966441
68335
5810348
45768
54970362
88276
69454982
97545
73815686
2574
36513932
42776
16386312
85340
97366492
68089
562586
34813
69439284
64129
85188159
69208
63476189
692
85159896
67392
20954960
40012
62579721
28786
58369205
35481
70307890
81280
72778358
433
53512799
36673
47657146
44009
83497971
48078
72433357
14558
76455374
35097
39796518
96708
98555056
77722
14232452
13180
9670117
63001
1538411
44841
6757521
60781
61831572
14612
78132328
83643
14940951
28564
27398636
82993
33563800
90816
68235081
94596
87082719
92865
52160106
67011
25059219
64194
38264269
56489
85735352
27472
24576502
97107
78079951
19426
15309786
50623
19157999
60454
49391627
36230
63571588
52797
42357292
28286
91894409
13017
81924578
55839
5399565
70738
25643634
40443
13957101
7224
14005354
46155
10404991
12372
8793404
51687
76583970
60230
82545033
34471
32909074
64413
90155428
81132
76365770
74623
13986082
3448
64294047
28342
88447048
52343
13316645
21276
82234313
6876
24109032
19814
25731366
71347
41493333
64713
81758004
36738
98008866
2470
30220517
16493
49314920
90327
76841678
25169
74392800
75348
51031135
17552
12119755
44593
74455562
90342
88909770
49071
66845457
47740
63443789
7628
20872572
69891
52037500
27071
1368945
17643
84304203
63361
14873167
84287
75175318
81603
33298652
71115
64862073
49512
58370492
63984
59230913
1635
57185812
88895
80856605
41243
38053155
21321
39049603
98387
73011821
76834
89893958
34968
52111302
918
29446364
49421
7924489
119
67228446
62083
8317637
4606
59765332
44950
2659857
81317
72800212
4347
2483217
17546
24799615
68117
15993938
37596
26762564
90839
61486621
25664
87357604
75488
66564582
70099
43278334
93783
55852023
74611
11472493
80003
26066222
90571
83086130
88240
96929364
83717
97646387
29294
23290336
88239
75427525
91937
11595119
97414
37942928
37114
93592570
64664
56747407
28357
96149043
8878
21722476
61592
49487244
90802
70085394
36687
63811681
61809
99518349
72130
74529175
95600
50446772
13891
79022946
59250
22961819
16353
37244423
67834
12859491
38839
96081346
96447
14795142
13498
93609120
22248
26326138
28746
44214185
22732
1747538
57089
81305834
50575
73189659
45392
18049254
31452
80599057
36369
91933406
40091
49346726
60822
53937963
62046
20582823
49650
76924920
26837
43639767
32478
31056079
59167
30672332
63892
39633989
49930
27265243
42784
20770608
84138
72733045
91554
72459557
88982
37264115
67700
6087947
60693
4096622
47321
6140456
53294
76182016
65027
69163812
83461
77389276
95742
32814418
20193
65324543
71275
406589
59624
50827584
62948
41194258
46795
23942895
90911
76214769
33419
25397719
38762
7238550
4352
50076938
4565
70793683
77098
84824669
27316
50178822
44989
20532893
65245
14733766
91445
89718820
54807
78521945
5518
38891840
31137
33229986
21720
41765200
40961
29473191
94384
96142347
81219
32623527
78644
71691551
90287
83241236
70353
41321706
7314
77062557
50800
33372845
24625
98899329
39932
33883074
11805
40012165
17411
96527160
99845
19130522
55586
51789921
71633
55341248
54281
86093723
85603
82040283
81708
63095421
12730
69059580
55798
94807217
53581
34352933
68301
59648869
65215
51373882
35940
55896669
54881
47885499
45995
78658636
34246
39313575
39353
70780496
25696
2339525
64744
11422360
69283
36661822
27724
32133240
35226
51819498
77820
22841809
56410
8722942
34547
98628029
89123
13064867
66776
51001229
14348
16940504
17894
28521887
34661
57082494
21837
38103648
334
8355581
47727
77342699
91143
33681785
32562
29774817
56010
88031009
68995
99499772
79881
83882637
49540
6442057
50058
98194239
7679
75962595
59173
244722
69122
6115709
95944
7641389
34452
62474162
60830
15698030
95619
7752510
51474
21874645
35110
43865069
43055
95139740
96953
77216388
36982
24653868
13663
27130027
71028
59490486
15708
8143733
85208
1586719
98135
17971815
75807
69542269
99661
48001548
31830
60669375
71220
42613523
48081
31109201
83233
98823560
28857
50887237
61576
6918327
51271
86458507
40381
12529761
1592
29539017
66038
49599743
39239
35123957
87247
56694572
15455
31464668
84258
18908602
32161
86650058
20072
49990336
37963
17318526
76937
8676710
37824
32696937
14945
91648585
48190
72000305
52533
67959124
51470
70961586
83845
70886063
6821
51523507
38281
51437160
45162
61450768
67353
33771590
74298
89559871
87054
88101627
21131
82583312
57797
27267137
89303
53564294
86793
75225506
28677
97988256
98048
11596268
83182
63319602
84650
4468099
41994
77775426
7855
80832735
94212
87881733
55851
8068558
30243
50486999
26932
58947202
58569
4234936
35729
22306591
34595
69628112
22140
95267915
51236
63117194
17736
89909626
28227
4211108
36546
86404321
34033
47398278
34895
57712607
81197
59421021
19103
39075218
46344
28333988
71470
2750305
69700
83375447
82374
67189815
46433
13651414
75852
39315486
50898
78755203
18806
76736481
33938
62248356
39268
93048585
84589
83957000
98917
98663614
62810
55634679
81083
1888150
60914
5535862
58548
30679956
89625
29806796
38046
31632398
66161
87179892
83316
80304354
55064
66097309
93655
3880998
82660
76584713
24482
3548555
67578
15300795
25407
56892150
63267
30110100
75355
53200557
90541
89191976
88740
79162744
89538
41335080
20040
71975871
21998
58538571
69852
47251875
32551
79308814
68285
32287612
82341
61102389
56076
76610245
9811
8610447
48437
81017912
3196
44975271
79948
45411156
84373
2564458
64928
22546017
52333
82871805
44913
97519651
50621
89430828
42042
92751318
27953
97184493
45279
52190069
31510
90400389
15555
98136102
47315
90940271
4098
48180175
38873
82424899
96316
69502267
17381
55620083
77932
6657545
61174
91271816
6270
643887
37523
77361460
98527
2505207
44248
58081889
77428
47495426
31470
90152608
98155
54259814
5598
63817755
43351
89641904
54185
60096163
79939
98999171
80840
77967818
53956
9083326
33079
85978005
56539
50108150
87914
48029788
16715
6356465
86938
1500509
1110
86459206
33001
67751434
65201
76375878
25203
35620345
68650
33652253
32147
84124339
15383
67380491
19039
33314791
59496
99074292
90194
89216312
30283
20540780
93335
30236108
25140
15584308
1547
9698266
59212
90216632
31556
86021278
50572
40610796
71545
83141808
42575
14912027
91276
60660366
64084
93216380
82844
54237204
19771
37289701
26080
86672553
31297
96981835
26570
63194295
89644
24637300
93895
64180669
47796
4484024
50547
19357294
87796
37095324
97330
74165843
70562
31056419
84298
71550489
44116
42376106
8759
92485049
28664
30802796
12348
15782065
78673
72069245
45479
4523521
29643
81439339
49403
15473927
46025
2523947
98992
56485515
91340
83035772
87361
39726909
3978
54972805
91563
6561285
56171
87653065
72108
69637689
21857
72366616
14359
51971925
83319
62927014
73269
51424735
77736
13239351
2524
64626021
60953
68833131
53460
2338877
27332
58292963
20364
29794562
7548
34473082
50123
36911365
84019
20638000
56603
96185151
4435
24074617
3301
10331556
83093
86585629
91469
32840631
2629
7671453
43947
44018294
19852
25247416
40281
74724628
43933
66773071
36312
6385014
10505
78571939
83436
64402841
32155
24206182
81287
33058834
64219
10170743
90042
53158036
53724
15064964
16415
78809206
84225
43905226
60818
67701251
96041
78530721
81863
68854755
85535
95679751
46387
99452563
5319
20571060
27563
8652782
88775
74277295
11610
46039568
18835
23113123
38848
25982968
33676
45582658
36288
89020482
971
19859532
42006
46082197
47158
48465190
48117
2101428
25733
82669067
20561
86395206
33549
48287834
1711
65399983
63502
31808650
40928
49227608
78434
31383372
43340
8598985
21603
37400448
57990
69445520
35447
74836317
56643
71417256
10744
34461825
17261
61169553
82655
48371429
33017
99107843
34419
85479572
13361
12862134
66040
94417311
34082
8688607
88742
14121838
77914
3373279
85776
24771003
65136
29240923
49842
37245131
78947
44618958
41084
34636845
1452
7374001
93834
40544490
83436
68975299
2498
25438198
65677
99333749
23071
81628326
46530
99925567
58510
77521182
13170
7185974
3322
7933371
67466
3733658
3315
27633551
50334
84551206
94170
42738471
48982
71466310
77722
11459314
8788
18268093
52946
98423826
98507
17814189
20647
92092817
87211
47270523
48024
65184668
11587
75856615
60208
61216519
23180
676505
55866
48528081
88252
27910500
81343
95591392
80724
42568680
82029
55875183
75186
20802679
37180
85288164
22083
43493516
34501
9731191
91770
12081390
81972
93626345
60860
76193289
6744
20090621
23982
93610246
88023
69066534
27132
11678599
42367
55882986
28550
90485045
27957
7300495
89467
94410102
46770
61684495
32937
57799259
16620
52246170
26332
66553255
78329
83743173
76588
95294910
77661
8191156
84378
67002439
82956
465574
64439
88380019
78727
53033567
44014
40205178
32121
77786980
23525
98967361
34154
91838700
68225
58678310
97109
51760488
63623
19350634
50736
55865439
45955
3054009
24237
67155585
80880
44936666
18178
67904248
1858
69123284
78315
32399773
79976
65279518
63381
51855002
67146
76089778
71523
90402893
2129
51011912
12257
77091895
43599
23814554
56687
23621187
49982
5229293
38075
90815506
74889
76425044
48454
97991970
519
96656142
95013
89028546
54047
11928138
56396
60376016
30118
32085929
32159
76601643
83226
45090261
55715
99880909
79975
29298016
33971
910739
53076
97298140
20353
21377526
62205
44186012
4414
31244050
13743
38781618
67680
71538038
16671
54514643
39542
33182061
62330
53686547
47544
96873861
14561
99487272
89191
76563209
21807
16172182
61663
25024223
36909
98342207
62706
96974928
59388
7197092
82340
61235151
66899
38399513
93604
20482129
69089
10661525
98141
95924723
40584
24083339
80438
51678977
72385
10427874
94644
95031052
63404
41280747
42417
32563318
81960
48311094
35329
85757900
47642
51969023
27469
30306989
58227
37845786
88741
88157615
31797
53584923
46950
13778967
33290
42344938
69003
10723241
84334
3490408
45996
16888113
46952
84701729
18392
94618800
96003
24605148
96262
21797654
59919
6809372
12616
81264955
89146
20446028
37483
46514330
95412
33099749
91066
64856205
31193
38770207
38187
24825585
24858
58687712
53756
64718555
72137
59733571
5013
98075674
48301
33519253
18188
13153269
5140
74523119
26195
5912978
19086
63249191
65712
78232121
76080
95100096
68124
83253670
11937
85918215
53005
48224393
14438
47712789
81486
46089510
85348
25229977
71599
88048755
54144
30092460
29902
85850819
44348
61253572
27720
27300394
7197
43113364
17096
35782954
16885
31197064
49106
99606792
13984
84409600
47920
76309
36025
9804368
7560
41043579
96312
88282903
17087
63523545
55634
19355398
19611
69992742
91328
73821600
65329
80182571
17779
35360869
71431
33572002
23747
20200646
21877
15967779
50671
74454309
56077
51203585
97536
78768520
60056
54447683
4617
61677846
52153
53441493
52673
4491503
86063
87011665
41082
26004199
69056
84101858
19323
82169112
6068
22468966
67794
90329478
95920
45769613
76284
63018866
96851
74845150
34238
21757015
59084
16807580
88413
26747868
15616
55221405
80838
87590131
99729
76145968
35281
77903191
58633
80629002
73203
35483469
31694
2150556
44744
8677309
25208
29278382
66706
22068218
69586
79618125
19626
60446332
95260
37934206
54612
91883489
53087
54278657
66793
63065402
5471
55594821
21860
64087127
97246
6289447
48031
36716346
88624
5913571
47497
75873149
28589
42451158
99677
57153416
9386
53095485
29064
73520929
4050
81888773
71827
47449524
56952
50759653
13936
72451975
23112
78691569
49517
69452398
8275
70790387
93213
5612044
91534
56897115
19488
46063412
33414
5877744
16748
23279510
75024
45678136
34014
98081703
7162
56700415
44099
67104597
62490
78305400
21713
18600241
11104
91339755
59527
72809582
35537
54670734
79470
1008175
73015
76407510
85184
45624369
15067
51669602
11351
66954093
48738
21447058
94207
4395698
17716
46339642
27120
11169242
27567
30828494
68892
28089662
42769
29041090
15567
96832023
32164
91115739
37887
32003230
97384
93172823
82254
69476755
98536
22673187
98788
99809577
55282
68385946
96222
14962352
40888
53566400
99339
899981
34377
37044152
36534
67629714
8605
63394594
78890
41177269
62486
53612281
76769
5635784
19099
89527407
71979
69348353
43305
53295397
43653
72525170
96996
32208914
9317
6472665
81836
61350219
60031
370856
66264
62791862
62714
14039799
85145
47509758
32227
74471696
82030
95675347
3834
12892088
94988
17426525
86695
11890982
15816
77862652
77726
40830299
49046
52735489
99652
39146155
77141
38358996
62266
81345771
47871
83994472
85231
26469366
4059
32596569
55484
30550876
26220
81471537
26112
43390175
57745
77256321
32602
24425652
59948
4567315
522
69144328
41540
93666642
11341
60462550
54236
99805307
85946
3679889
7755
87808560
87683
41301558
80179
45807746
49652
9360250
13272
37467265
83773
8575849
91812
84910225
23572
25607448
12101
67537368
26231
99681062
15954
14953034
21686
89880814
84772
79276287
6423
9142188
70366
56653670
26660
81281006
52400
54467179
49810
63490098
99843
90808361
85305
51412635
31870
85384205
88889
91124107
49423
54206793
52576
60182332
62338
57601454
5548
17345902
33218
47920881
95420
33189194
75136
14965718
84654
95566914
38127
3460738
4958
33191913
48642
35860720
29288
45577636
39752
13850139
75629
97789193
38670
13600216
24405
90156627
39788
48352185
35856
38116882
52971
85820114
59990
25236321
36286
54741668
84809
58881244
87646
60899677
69465
81279771
78580
60994379
37050
5952002
36184
52518429
61016
54347047
63730
26318746
93484
59148314
48256
7785916
61551
18681305
62841
14937836
37603
42979479
20131
41043724
86304
80818070
17388
42228356
25920
64498762
56576
37347673
67989
38108078
72154
74095302
30648
87794718
69720
85582879
47899
37601256
28301
87497762
77911
52766468
89891
9558671
33926
36665611
78124
91540895
78536
24006710
60898
32164084
54632
86607779
17563
39206956
74098
10925763
23573
30190272
97280
5866836
12698
68049267
24557
66699898
58113
82115286
96407
36613766
7296
85242191
47031
93091272
75115
93005415
52013
45491758
72758
92722059
15793
33844166
41076
16244908
17461
11924283
96539
98723959
19094
67279061
82278
96781005
96183
16682726
32731
91732999
47617
56662410
29649
7985690
22308
16927752
98322
81733062
14730
55536436
289
10031733
6405
2693235
6031
62289836
96202
40597526
49178
68546424
77825
5918689
46186
89652661
61619
59214306
56496
63098890
82762
2001072
33165
89110539
66590
59240362
48357
54819204
85366
11100484
93553
46376387
79186
35801768
43063
19842199
53081
81066561
96650
2273706
37406
82823581
9041
98548042
27938
28061064
74205
37955916
85095
55434376
18150
68581009
6380
60264267
24550
57862255
22063
63956356
93913
27823963
1974
18105771
11913
19378483
93925
55322154
73438
95976646
90142
42504156
10107
68758659
69403
5920017
83896
16105321
82542
97418486
52934
16846387
58785
76885861
38567
4361939
70263
78065248
47788
69197744
24348
71558109
17424
65283685
66811
22151827
51673
24024454
91938
19275720
66396
76556835
61850
6731908
36641
44188120
61816
27402054
13377
764965
44020
55177960
95195
56963197
29992
7884675
47557
1622613
44060
38250907
42561
65921043
67525
12597834
71331
79380253
32723
25237645
81448
80976143
44059
88835946
49230
86649744
75174
50319571
90569
87420866
52623
1278961
41058
19101546
7032
74305054
42124
54749280
58402
43576228
60145
26031116
13356
60505842
67643
49824636
66573
26943246
64118
81915110
53082
183945
113
13938105
60840
4204779
94904
85824319
87137
92132384
16055
39746747
74854
96479906
59446
41958658
78764
46815460
64467
43389339
37999
59783604
77342
61689183
67743
8908802
27292
80228605
7441
65837167
85670
23282593
76458
88253911
82797
52120832
69759
43309989
19164
6038190
35521
10350092
65562
34120213
41398
74914502
21758
40739342
10116
5867545
58370
97133373
94627
27631731
73126
53362233
43401
84423964
91041
91286152
76355
59014856
78094
91433726
13285
87840105
81039
75841956
81279
42171695
33978
36123569
47674
88149704
8781
96603368
18741
79642100
33629
12695123
52864
61409438
15716
27397193
7208
92269258
20171
14229
19136
8773399
36896
45996807
11902
77316672
14342
92160613
12791
95039598
90058
57658648
17337
82297618
74983
51075733
24195
53330968
25728
13773302
86006
98475418
52125
54488744
22420
96325232
40175
7123772
62279
30753773
43848
4598991
64089
94106485
7743
52030713
19545
36890687
52163
39943709
33650
55815540
76959
85765874
46890
46636564
49366
14325644
18635
76851426
80833
99810112
84937
55986592
71339
47247855
64574
35957037
98059
51051102
40360
97223174
1316
72618377
85586
241448
81219
97339963
71156
93243556
19654
51531410
75141
50643644
81996
89006451
80695
98079781
16775
28368067
16682
55243081
24611
34093505
68588
430826
76619
87184250
18675
54622264
15290
9439769
17846
18699662
14137
56849503
99849
10995410
90831
31673541
69086
19062362
47849
40388263
98428
93056940
47970
41872562
75083
5232940
33726
14718775
66275
76721718
25074
77877242
30670
74796440
99720
33064165
74235
11963680
32816
84901020
59538
56715172
62476
31525934
15049
21592410
3113
25490278
54245
93869517
62020
31307301
84292
13423895
69760
81770144
14485
69535480
67577
3101865
17992
70442623
58696
7616727
70436
5576707
59057
76059583
15586
14453594
59089
90915202
3369
75693812
82485
79435078
20718
27473133
53142
10121852
34648
35902556
46158
52057755
46937
89823741
22695
56746851
38587
37369769
79366
82501842
29209
55812214
47496
76351126
10792
66502671
5136
63446679
80711
92411191
33203
983434
43153
63922731
91874
99460251
14832
12363608
85608
3556576
14614
8863270
91411
68818233
13930
56154750
275
51749968
84476
90936375
6224
60783131
42057
33275273
93378
63491544
71378
10953160
57867
22490223
25797
97899816
82632
39531119
84111
63733784
49846
12810084
62579
52343247
82098
70296258
90475
58536910
95978
21594446
90026
84012079
10713
79358823
64390
12939639
26246
75301570
1894
17913240
38803
17948565
68568
12190055
83663
96187607
73250
29711177
12863
51438476
85209
40307422
90246
26169575
81864
86317407
54314
81372115
49127
31523713
75680
1123800
14436
38955899
48738
16869920
43978
31498458
15413
29953540
88822
34583497
42751
51647909
16476
63631764
14720
31551004
86393
71067638
80224
56829239
67162
66563554
95258
7703734
40405
47082283
71473
50411974
33485
5568034
80858
62309023
86775
42143309
93300
6778292
35478
88938460
54651
64655535
92361
74200788
28346
85463867
13374
21564512
68902
29786179
80368
37041612
91301
35385595
66423
28280591
91862
89895688
99272
91068738
16583
22459860
51194
31561865
29345
710503
16515
3812420
10154
38918878
41721
67699657
10652
27805634
18910
64869829
74763
58110112
78041
60800151
97100
72894216
89766
17244709
8888
54971128
31621
3530977
387
86879022
20415
29655336
32226
8203463
12962
40147778
32176
27720498
68722
81331578
85314
87228006
84924
30410691
60984
77634087
53333
81188713
68499
92591350
85129
69066123
82548
56995211
34205
25128116
35233
74880385
95636
22986885
94067
73851446
12258
35474621
21023
30585891
24571
96490286
51184
6429712
8404
64705782
49998
39767143
90889
51171679
17470
25340903
88218
85385297
784
24495281
43078
40794471
64807
5244514
38660
61466307
30766
3267983
98918
95186562
59985
15053562
66382
57562013
14413
41582080
81665
18227606
44112
25241815
42178
61308552
131
4443070
61571
69734476
431
8369297
18629
96187812
51593
80548807
43739
41726910
83950
83221166
22080
13940215
26346
73110071
8729
58380130
44037
1962251
81107
43172989
45892
80942184
4589
36122481
50974
79091880
88504
81972561
17190
63206573
89356
21969941
65905
79385252
80983
21723419
28228
94449538
44078
94029160
32561
34400655
82079
84651200
17978
11226368
38019
16004011
6948
70679091
73302
77065047
54287
67985101
81121
69400040
86825
93379181
347
33009496
57129
69766146
53758
80318298
91738
62827037
91894
76245963
67932
97299313
68477
57163615
20272
2994717
59547
5963237
61548
88394147
86122
47080658
78571
97994762
60659
55431261
53863
71201946
24998
61517257
67669
42265304
57317
45283148
23433
98303312
21943
39963198
11127
99350290
68143
50232892
6775
40649691
42086
87162461
84005
30738073
60601
94960832
81643
11396338
65372
72438508
18310
17865996
16689
78443886
15708
97067405
58461
22671011
56313
70946890
75650
5355380
69046
71298962
60648
84854333
83031
17272763
77235
41596099
92424
26794393
3887
73237324
90386
33372867
40428
94978833
73445
64425133
47903
91193679
62137
44143323
94087
67474482
26653
55135603
74007
71418294
65182
63477716
45634
92432756
4453
23228861
98574
83849342
64233
76378939
45444
46451332
29573
86059483
55093
20046699
26270
4119374
662
44331016
61875
36984121
93546
58913774
30540
98982915
7671
89874921
88047
30820755
88705
33458462
6162
82579270
64960
24792737
6709
27993209
82695
10419462
74623
61611515
51836
22961672
6060
60159862
47288
50434910
46034
25427119
74368
84111465
22584
48791177
83593
80048023
3802
13090426
31946
1968164
39130
13805461
84562
12960240
65012
46127625
27617
84546204
60010
94385096
60930
11643107
59140
64023557
89352
31829680
2083
81706674
64960
21320548
84110
74956473
93244
15386782
75853
8946467
61488
15156716
64291
84748291
17094
74575229
49797
63208818
81318
13283388
82837
45886539
16864
3572322
23978
68127770
42189
28691912
94416
66810712
25816
88316028
40235
77367132
94834
19894422
57363
84725969
92079
18678046
61164
23261040
29708
42373916
78872
67367754
44133
35854952
20021
10220194
72776
38431551
99168
92476169
39222
85234808
11633
95542895
35009
42045756
43974
53271941
93787
54147865
61131
9992618
36244
15456071
53130
2226431
11781
10242688
19280
81067423
48683
86965251
84763
43349444
67787
41339363
56597
43790743
18272
58756781
22469
33591284
49794
79455900
77015
90935661
6415
48017058
86677
30165112
1383
38196507
18121
23338971
57915
30652067
41560
80799293
29803
6520028
90779
91557173
56283
4009431
72149
10823825
55923
56681071
44390
65014466
49922
13494520
24451
17448183
43280
31026062
30960
4529427
86548
32183057
96497
16353993
12279
91853892
18207
54443668
69540
37680046
87135
67560630
90188
30224332
78443
23444169
72791
43653069
30821
23431045
5636
84711287
34120
17324364
4825
33592378
14027
21246617
18192
8094883
17775
26427509
71222
26612836
75424
15594108
46574
33152371
26480
72815578
65972
95598529
65518
9028001
12497
2974162
5277
86357425
58933
31675609
71845
90307964
30959
99485382
24511
26233300
62782
80329789
34594
38652434
19587
40067027
29866
55337485
5148
23700404
83278
11154723
45560
17173101
43147
40365607
62243
14330515
19159
12014891
73947
31246436
85891
62969245
82785
83678233
90875
68042957
51937
99617719
60499
80714652
35335
59567154
73351
79808697
3679
37005413
1590
37269268
54527
31171539
58178
86497123
20810
44733887
72345
46487193
55561
74353195
48243
92743254
1656
48352506
27093
14781192
74355
22257576
30739
15152179
49078
8055296
63732
79001601
71646
87358110
79299
92787692
93901
27682820
84982
61102415
19322
18354715
36040
99985244
33515
22416402
53433
65536732
43835
91730296
83386
87887357
37744
40227987
17046
33829541
67886
7265119
32392
68406586
94569
72529447
17410
25373097
87468
32226239
53643
82317930
68498
91020423
6879
64639095
56442
22414967
28354
45492779
28769
88161738
85237
33628340
40614
51498073
85469
98184689
2108
20733482
6609
22995999
47299
17647850
65220
30934262
6082
96597667
38305
30657396
30530
69154262
60521
70959908
67210
7201483
31068
32322583
87360
14978514
64669
91830518
53873
13411476
86497
25442780
1285
55210041
9742
87540051
85677
73523036
58537
55874015
22244
98243285
16730
74117524
82474
58982264
26072
39482140
13965
53825170
69931
54756073
93624
5929185
56480
73897226
46403
95648025
98454
72397054
98951
47504999
8405
30094705
58446
12662390
45375
97866078
22682
29704035
2657
15746967
39642
63878588
14758
28604930
49999
26715083
14482
94699446
23654
7613364
72871
74657123
40250
72304068
24152
97574536
91386
44808278
97291
6164875
55018
55876337
97616
19757833
92742
11594877
22472
86505876
19741
7305588
96250
80976859
21998
79611833
14746
36411709
47907
5779964
25641
65735694
81960
83187950
63060
84347657
17833
5654758
74823
41275033
69415
97109499
73718
53503150
92141
42191148
80484
63909475
83627
60842054
75988
87923826
75525
45211803
4620
68953673
48191
16348139
64901
97474781
30606
49045864
98483
14936884
17251
28790561
45981
40869644
19976
30384205
53745
31512358
2991
55009510
53123
46953043
65270
94169863
8845
28976792
7762
67740635
92141
39397539
90116
63317291
26878
28809372
51043
16489469
53727
49692151
33462
85887237
79940
27778307
36952
6155486
84862
81732330
65068
55856893
56494
87368729
19730
14750786
5188
10333175
6679
91218890
69222
91448808
12705
87444991
82234
51786180
1705
36652563
23829
94716084
91445
25905293
12431
43112601
24240
77934213
58543
72033863
21668
60673754
67694
45368649
42746
88169707
82817
46570223
4264
16845841
66873
35296287
95004
7984724
23230
89954473
26113
42397990
85607
44680854
42831
86002964
49800
81875657
60134
88697027
39378
66047041
29060
30436210
4978
8682909
39833
36673713
83298
46959469
25639
83898523
48783
82801442
54870
43739665
68064
99424085
19147
14899584
66679
28709087
14668
6364833
61203
19739105
24902
59791202
13780
50272491
93667
73650414
70139
85287958
40912
77872007
66207
65611685
86936
25649167
12056
3957233
74220
6080342
6448
11727349
85510
21181616
8958
132381
17336
13795995
47383
20540850
21668
82219960
13473
82709396
12982
68842595
21413
30729869
98725
38619443
26172
54080721
287
61404067
33901
93953389
27192
63869394
26825
64802682
4439
72850517
93527
47446263
23566
51816158
20255
77242175
57918
94166288
97863
73767955
33853
1997769
20277
4513246
72641
68237424
28177
61593067
53701
7901641
31152
7311934
14895
52426318
5097
15931027
78668
47431563
52538
45243939
31317
6207755
32694
48328115
49444
10800086
8133
94745605
75791
44752353
49903
28130288
23092
291117
76129
58638152
95633
39136791
48341
59500253
60153
46885049
37382
72164264
71166
20608701
19863
20007322
25758
44915294
2205
3564861
5382
29485454
58590
85277815
58998
50315467
31587
55847262
90169
54503024
53823
40030551
47689
29386270
77980
63598321
6045
53525555
15241
11859940
31106
38850734
21352
64157308
55325
90335248
72528
25947218
12743
75360155
64372
49168932
80592
130101
35705
14893995
6324
89078114
8049
4487361
28773
46942960
9586
92927840
39879
47414732
13936
83580354
18777
1680936
57334
64255628
92363
72319443
60409
81730242
7946
29420451
5115
83511984
47704
2117242
62247
49457213
63641
83716985
55966
69019295
38650
20694371
29198
31029724
73339
65767829
19723
32169036
39342
29204393
2980
85196666
1172
84763658
49735
61095140
13786
82389619
81600
82907413
55286
11276801
55204
53562958
58291
87622295
66530
99547948
37511
30567166
73738
5680603
49550
68200665
42187
40204753
64124
88115684
81768
21202432
22141
62188904
87906
54953423
28695
70184999
27825
83652799
4632
17807483
70656
99946035
52679
41209225
76790
50989652
13116
4438754
12676
32514972
72278
40868655
17504
41843
18085
8894672
1653
72088124
57976
5328008
37330
34496662
86927
30374959
42992
17617601
99739
18688061
25279
40302631
32630
76352086
38286
42462869
26864
85570742
2658
19943251
77355
58540692
5991
31116430
63492
75109842
281
53324694
73335
95393608
59813
26094561
80347
69524124
60582
54408084
12120
47205534
76723
27890369
25913
43278987
30167
79307630
46261
92371729
23983
5146525
11069
15327876
30405
19969626
94059
10046901
11663
92579790
53506
46986709
69497
10027952
11187
31758744
25727
46515775
72991
64585758
57381
92942784
47772
27790702
48941
75440590
7932
80085874
46935
39402112
55393
80546732
52026
50878613
43738
41068092
63333
39860227
76626
10202981
84301
51066774
42761
48202501
29342
14980280
53481
27598274
98555
35872204
85027
93578722
88655
96572563
31158
14376495
51977
57650636
92980
21422043
797
62852446
99554
74620662
94214
12170270
40267
48309179
6790
46623762
59465
46568128
80872
77108691
30697
8789928
22638
22104469
24250
70159874
97723
49162485
24409
65926239
98380
36059056
30473
25383846
43934
90606449
29918
74068415
71557
15960842
19277
10573698
53214
68157094
11591
54196278
77159
51088859
31522
86602924
65842
49490441
23222
14816428
40895
89786998
36512
13353335
23429
51048962
46882
34700757
80038
88089628
52360
38125379
7274
76526934
23241
52967282
1928
11316086
85008
127036
10765
22494002
93631
87069509
27360
75814267
12408
40984214
82316
47361054
48042
10094631
39919
64701679
52061
2718934
7263
13082501
66809
15979504
38093
72618364
17211
79656624
4548
31649738
5411
94121071
16019
50498699
27755
45332290
59648
55619552
12024
28941599
81393
78123075
24640
61920978
6480
73451354
26658
79786484
68002
70397275
59395
25682042
88989
11320201
77767
4729323
18299
48808735
89222
27508528
16919
88969417
29087
65684277
75670
77616817
506
92210730
68267
1581627
7833
57626007
96078
32871875
98114
79885158
27764
60396008
21626
81106053
98062
62195396
35474
85520125
76881
56313724
73253
76350012
87989
76712570
1699
30880015
2651
2457972
9486
88657002
43621
34893698
93625
74674682
47548
46837728
24836
70225615
48954
30676576
3182
44403174
51420
6445287
70895
32482545
39776
72927614
41766
26493060
18113
63049132
75268
44302557
73853
99672705
30714
97197026
22
84198720
27096
21550304
23584
30602605
98964
89276735
45689
14136888
27667
86066934
70118
13317447
72775
70939898
61704
30807151
86510
33520544
90660
11993294
58392
81687609
45253
5128943
84711
77005178
6835
20802151
49885
86259999
76778
53573473
7068
24673092
83322
65990960
993
66381134
85640
46328156
38848
85571220
17420
50939059
76065
14743285
10384
23361433
33343
25878775
11852
12185585
99052
81661108
7296
1571386
63464
41664422
37983
42983505
94209
64844088
57994
20322264
16073
74175504
42648
24915695
73902
35174593
43719
50490905
48989
35324914
29686
86666953
895
12272123
55050
86101545
19882
92672951
22532
7921431
90394
41574593
20341
85754792
90852
81611417
28613
5710123
96527
22041788
74275
23786162
52619
92140676
34229
98863818
55839
22192157
26086
67580087
28109
68478873
97526
26701460
86758
27091357
33942
13111334
18342
61086862
57810
67212342
43219
2753546
76134
26087081
12681
43712176
37086
7478960
76982
77949111
404
39062842
86807
56235597
61533
47349277
51811
26276975
17933
35788063
11811
54866413
51667
88309142
7214
98888701
29887
79231070
5515
48610729
26666
19177387
38951
8432119
16088
51504122
86798
70575662
99986
16141606
46092
50604009
32674
81532461
61606
8315389
61583
49567731
62532
10717249
48423
11004611
89176
30794686
931
38001267
43812
8688897
60978
92260866
92770
49761210
4512
55583511
86815
55008183
43878
26504299
84048
65118384
90789
33205034
9217
53489950
90965
73529014
22001
36152517
82027
95752565
45952
84613249
2945
19467869
58812
63204023
71028
67524346
41744
61032250
38095
42053242
84913
46132829
85789
38655035
33586
23093302
98048
8216816
9537
28644240
80589
55931163
57552
43861838
44728
92482583
88869
15108840
95171
9596947
44140
51977224
53978
9192300
18110
92348588
2857
6683824
31862
83843690
68470
72031627
96491
36451258
46517
94036604
87563
28873280
24744
81354213
56287
67771534
67442
12145541
59576
8121160
26803
43134840
30651
59024297
98691
48577079
62608
17531893
95887
72458199
73188
81017433
1905
97538315
54311
55184923
92931
49367329
33231
99811457
75520
90872334
20666
43561206
52485
5368914
43221
32649003
46533
31072590
36307
47580454
26743
76655716
64802
46432051
9757
98427588
21907
21637741
67458
13987011
17464
99348872
16096
51112113
49330
71434714
26216
92423703
20093
78211539
80346
52473747
61205
84733795
37163
42070835
6897
36054038
17763
99387741
78024
77763223
80399
84476934
56769
28444751
40993
9467864
58297
37786015
42937
50510858
91026
52997589
79257
70693580
87048
27752325
37157
50725029
53611
74151545
38946
52380208
2659
85622360
19858
1916055
46564
86910312
2956
2975082
73194
71874949
32337
3434501
45207
5387048
83404
99172074
90805
80796887
82104
6560895
57073
87088098
78136
81155584
94464
14891638
55868
38427448
14190
11698573
38117
14683760
10058
37694247
24479
65685240
44149
15587536
68965
89228852
62177
13460102
61895
78071552
56940
16303564
72903
59919795
22616
83539838
14434
38658483
40184
6401757
26391
51982179
33408
35537458
60899
42393114
52550
12313831
13391
59527761
36886
93257587
63501
93353042
59286
81285940
63542
31265094
59828
24053509
65430
95938554
26918
89283071
49467
87396249
78879
69939214
45664
52043175
8454
19455822
9816
73922241
95713
6487439
96707
15040603
97118
89608559
85721
21063845
5551
63273376
19870
50238169
34259
88015088
5352
10313134
34177
53649218
91994
32691750
26910
34594786
15242
90405030
22208
58945294
7860
98083523
55016
2955321
80593
76404142
81591
28039248
49607
16968091
14725
5117608
35638
47315660
49358
5052805
10781
1467789
52285
58784827
31423
69855788
46292
16015783
41276
45359764
53482
77982815
70965
70413205
63890
72608570
33573
42662122
99184
14068955
15354
7104384
9554
16227988
85116
16044041
85765
4767414
42878
68135096
52933
66897970
45177
39414995
75864
21279279
15789
35092924
95506
46101732
81293
56708411
55566
41694069
95667
54652653
14445
30641904
2773
92401921
24735
31509536
38761
55708527
85664
3506305
21370
12933201
91975
8950940
2626
59909783
67288
37633971
15156
8555519
8577
94928131
1222
76281875
4352
89402860
5718
34157237
64783
79620127
32007
60355328
2433
22773743
35465
32954863
94302
22509383
27511
7016699
77851
63893357
9966
64509914
55666
4053511
19404
96930735
44441
1009996
95086
36323017
9599
59378927
12666
39998673
57977
1758206
60658
68856358
87406
55925251
31946
17102348
82737
43105955
22586
61779191
56892
99608055
61858
55255288
58555
83993170
4930
25032272
44740
10867728
35649
38981385
38082
38371925
11979
77424211
46410
23376492
47350
59548466
5971
71874896
18161
26592573
30510
55583569
33094
32635921
86925
42189495
17066
43948723
44298
29542472
45752
27317652
41514
31766107
98471
34590624
55495
34159636
90657
80556188
51718
24739064
91481
75363200
33078
20483225
5212
26520564
996
12331311
67726
29502946
47057
4024334
23583
74644122
2849
93424045
51623
33522015
68259
24457358
14549
18416913
44364
35036736
17720
77658705
91398
20564518
2887
12825111
4732
92208609
84032
79323782
37697
33503070
35606
2301400
5158
43774781
51738
52970733
78152
40660872
59643
23698123
1797
29687722
93871
29911855
52204
90919795
47565
44669918
73697
1086130
33532
3114500
37239
3316782
59530
59805386
90751
19796761
76268
35938424
10603
48858470
63400
25388436
96523
7370554
21925
81140766
61851
1737922
54606
67971831
8992
93964796
95752
82544473
52676
13920872
95623
39702456
35841
43774710
33436
89814580
635
54809838
65769
50010162
23628
12590178
69629
49159904
96535
14135511
23210
11123781
78822
33007865
84825
12691284
11192
22197041
50995
5991141
51295
42867969
97648
11727077
79606
51444175
71920
67857629
93676
23139704
62584
1677278
2164
19170189
78231
33455643
73479
91743876
79315
27026320
79008
66319989
51354
75473871
11504
35172818
50123
73332146
29000
89553247
39667
33573736
56354
14659746
59618
34539574
62304
75228789
45313
76815281
93646
91400514
13574
48805076
54530
93323957
56969
43299061
96642
63762882
6366
98278907
61663
19258294
64347
7548149
85220
21307850
23681
12881229
70358
10137926
38092
68917746
28630
34861857
91189
15134306
18700
83637687
5198
95877833
1603
92847691
58003
92344805
54712
8919894
11790
34304353
32623
83691840
15733
59562218
4701
20656427
83368
35607645
38306
14677885
77638
76748578
70858
89612535
11752
51935106
28886
24301966
32969
41166983
2884
57409268
69362
78959462
78159
43970563
85611
32995288
20680
33638424
15302
26744393
69754
67176362
99015
89909082
57967
92889182
33258
81862402
33948
93203503
30277
74138987
9271
76740763
55850
37848465
76459
70510751
53329
24260239
32682
35552924
29807
75225242
48952
6843199
35293
80368566
5717
77073864
31234
58564442
38121
94828731
41893
5786797
49652
88626202
94545
53800385
83453
83813563
5064
18899904
5608
54491887
85791
98253494
47948
13037393
54918
58871328
27738
34934596
52950
91834809
84697
28715694
78123
65767147
72096
36517660
30633
31935517
79358
28215985
97088
85785874
85885
96607355
83423
57351040
32620
37264538
7828
44444692
25921
47019368
59284
2692581
70636
82187493
35233
85800765
43785
59354828
62481
89171540
74801
21947927
60320
72300700
6376
82050324
4086
98395750
91838
51870354
7406
21272123
17943
86574427
87848
83565819
25831
1535835
72597
25938989
25099
83720261
85724
3163750
54426
74662541
54890
62164402
6913
67400335
62200
99672284
4710
710806
69753
47430440
94474
37709564
29593
14216007
64526
92200200
31007
46582272
47728
10248081
71754
37885756
1257
56394590
75917
51052341
71256
29542221
14481
68839851
77946
4813085
10098
67404771
64075
78944090
61413
56051329
90868
62178939
69820
34467269
53709
98261181
12550
59154012
44793
42726552
3481
52902996
32597
60624341
92039
24640844
31821
20277028
43744
44252718
14152
47054917
76490
54683413
36050
45004308
2616
76830565
8719
20891964
9867
93460785
48183
80613726
93458
37023837
20553
74391945
1807
15097676
33532
15313380
36207
5885035
82418
58043443
55399
20793812
75922
37621094
46772
19969288
40596
14368365
8134
2844642
34774
65683557
52087
37791173
40336
45446433
11284
10364953
21287
28905254
49870
3510783
47704
34948157
836
84609052
50491
12478472
70790
67408369
15539
73407474
7536
27377675
80386
59518984
26340
89651749
27650
95040750
27747
85112183
30589
8297436
24905
16012325
77190
9032594
29435
16505697
72512
62165660
81422
87277738
57989
24507715
59174
46464164
2869
95288423
7212
52729589
75436
23846489
11481
33739571
67617
60051324
55155
50795134
70436
521701
69172
61152681
80923
57552402
26025
47918322
45077
97894095
87196
2935421
45794
98580676
87224
77456106
43053
99715455
62796
26053675
49049
80630267
35490
60240020
71047
79151750
2362
5495959
57498
68724670
37426
99008095
68254
81073936
89465
85064757
63582
25616725
79228
6173601
90194
1743043
48977
79737740
57241
4204149
81596
92417943
75484
9762758
59582
89797214
44047
6060285
43394
29207587
84224
73938674
75716
65231062
16633
58389662
11209
12286164
83069
27639785
93161
63395340
21518
82026444
71166
34984823
92981
75752097
1416
93445858
24231
37485217
90972
60329301
31531
38205955
2223
39828018
7439
89439136
66012
38522587
32116
54415599
39166
23556648
27838
23206102
27672
77605632
24100
13631858
56788
65557524
2054
34861996
33805
5155715
65247
38181049
77933
58842513
50789
15169776
50090
58055377
9477
2351490
13966
90502283
83688
48307711
43653
12894339
73242
88380767
38389
50753475
57599
30349194
41754
17257089
37130
80570032
48377
34726595
75450
22902021
24327
12633177
47286
91223685
90458
7265211
38182
41348826
81258
85324950
14883
47047466
85307
63063889
52773
3801939
31088
15828548
65339
79748475
78282
86947699
62448
80544755
29846
56878714
13265
19610332
56300
7788510
33021
24979939
83041
37307944
85774
14397692
32419
16375523
31723
92136334
69086
81488460
4552
84378312
32964
16784969
4018
68538800
57652
77959174
80768
86861813
45730
11201814
30679
79327100
23201
4623499
95989
602163
39462
22401779
21561
3993735
43752
64783523
20447
55387643
51717
34375295
49711
3558754
84865
83061149
29531
58485914
33879
27328544
59702
32523484
21812
96721580
67119
20143018
87992
28399482
68766
34020
19144
51577190
77451
55405180
16526
32816354
14226
52850472
95397
91672373
19915
80723855
91731
13010711
89367
24823031
67614
67366415
43962
92570871
39889
25728109
41434
55917575
30275
18170191
68097
91430194
86337
69923254
93748
94247147
39055
37908507
28290
55928170
84738
75925261
12470
7370238
55082
99002013
35522
37234843
5869
56792476
69050
47565021
80120
71925703
43270
21784914
27545
26443393
63603
27359155
53384
88984361
44854
25130297
78657
64548948
75272
71902885
25437
24629691
21714
30012783
63247
30395447
41084
70445726
97554
46599559
37430
15857190
69136
82530942
62058
77979757
21430
6277354
98857
80738317
42203
81781116
28656
56732331
79573
27966276
88043
14246203
60990
37618136
23087
52995870
21262
8512191
31132
83816663
65189
47036979
64521
1884253
19366
27927692
47452
7956275
91380
56051114
23122
16677004
54441
72196374
26935
41916072
64595
44714906
60651
99001088
78382
37144023
85445
22646744
30775
80969181
22102
96443880
73221
769636
6839
11263675
7383
9958781
63402
82419119
48965
93902879
11951
4236131
93321
97551857
45615
10304314
61483
24265484
58368
69478178
1058
87115352
92255
50679626
41077
67237580
54524
93329024
25220
8050144
60851
56787743
86688
51609506
48292
71536191
14872
28903965
88499
68001286
98656
48464517
98774
1032567
18200
11193512
69047
37339309
11545
98644200
66766
46977728
68630
70399293
33073
59919391
14305
20337420
71224
13247062
87109
12895888
74003
68737173
52462
30343897
61160
35977908
12683
8566677
7061
9834441
32284
57524828
17806
27024319
65500
64164243
68
79596638
36243
80424880
45360
28306718
96807
45934037
30715
34771391
91919
9064904
49263
28966707
52178
61652050
24188
16824935
16740
87679540
71820
47368680
90468
64857151
43944
77969975
53323
36544858
39557
31349782
87311
24711176
10711
48079745
65825
13465851
32012
75939747
56421
37727090
93327
31260246
80750
66949460
4055
6518456
27155
76376139
68360
79965715
89115
33283658
4595
29599049
66315
25625360
92944
32597907
34182
52844746
1076
9350125
70776
3449095
16206
77247458
8874
14746492
55534
5105400
65615
91657813
88546
84074763
55629
99443390
64085
40845147
346
66905611
99445
57956561
6366
46330745
50756
46258802
57290
36394231
4202
43500278
85112
54169957
3026
23409262
73041
97538349
33320
49880577
84134
99403144
48463
25121601
5108
83223995
32363
76214106
77657
10244104
87295
54376119
75959
81213174
34650
16662673
91975
54356579
91763
25937718
49215
66138363
8831
79811800
30614
56377243
8721
95106527
20765
25609238
97659
26066488
26463
86635596
33263
65992757
18464
65213377
20243
11495700
33423
82974262
29471
44046603
83539
332454
777
55893941
40042
79725335
95236
3705555
3362
70577840
20737
48169411
5341
18294087
13773
69749566
73210
20606526
26902
49675546
16683
75619822
31078
15526246
92313
19285385
95642
10205053
49538
47210162
21504
66521773
50317
73986055
58320
26459786
90052
82382248
18687
93628828
19433
61251562
86245
14620659
79922
94333935
52899
95187926
11428
50815506
60832
50422407
73868
47361572
38146
17328513
39364
54963417
99099
29055871
18074
86839124
86617
44707851
31029
41681632
88118
73508876
92357
69644203
98227
28081139
20643
51902662
71430
82411591
24240
25197087
88729
1639385
96491
48845139
58629
16706662
99832
86799090
56695
46150429
60568
53489607
37079
25930930
89499
99597523
3137
47160558
88867
17401609
21918
78614044
89449
48752204
16824
223369
89659
94469325
46256
28269397
7047
88283379
69110
82201580
81878
28964622
5691
8007666
53496
94194271
18761
5704612
11893
44710301
63067
90831183
80826
26460409
80088
90743268
53529
48464533
80560
99636319
50089
55814627
13984
61848324
59861
40666626
23261
96146795
67910
23597160
67651
67515302
753
15861083
61009
33754621
93567
33198944
55763
88564176
83639
16964479
50850
80361033
26353
33395995
92869
19606905
16502
51231425
15779
1719045
34818
55137397
53753
81501632
76755
79911775
38837
40696060
56974
82294528
54739
23337318
76762
39835679
34717
15667859
92012
10318960
79522
98295534
48906
94888306
42042
30770781
64957
84171788
4661
6102064
43732
54091113
65400
66504491
2041
54366583
81007
21421257
34251
39126532
55169
79643798
341
29568189
51532
90915072
50252
88277498
34373
8113321
66836
28570551
50178
86452597
60033
42679447
2020
45483549
93386
8380314
28253
162281
98760
19687627
80884
31734743
47158
36355112
72293
26961585
65406
37489632
28197
24776554
67642
50729397
3452
87669069
37801
56646930
34845
65510895
79251
35808474
51857
40096586
49175
1090963
51320
11762802
10898
49834087
2381
91022138
91497
87445343
3609
39402978
5890
28300500
80905
2121698
13088
20244636
17228
61939620
82680
57985203
52435
36985746
28131
12566362
98900
84895816
56535
28826637
15044
77936727
90054
34292042
63534
11880412
85198
82000470
18504
37475199
9333
58355125
90555
56524134
64110
26248932
88948
60093685
89092
20327307
69995
87312561
81360
89915570
74708
8564044
64253
72221336
71758
57025030
39209
72470986
51313
56966093
56961
53711592
93117
6742762
92112
6786195
62078
80176465
48586
89173779
41085
38433344
21867
22108165
6376
48059645
52576
67923100
71620
56449436
78528
99727254
50943
99593286
27374
59455821
28118
81212024
57703
68021740
47672
4678750
8921
6690736
64768
50208525
73697
36703311
64003
72685821
81675
41686835
30103
30072812
12916
10489875
25746
164351
97547
99101220
3908
86372090
8570
40877497
85501
38774278
86098
45267882
42629
99771953
62617
48806326
69003
60412318
93204
88100012
80371
43635756
46931
3707344
60824
54569635
20694
46979706
42705
18992824
76049
6621141
72988
94678905
53086
4002886
99446
14552873
44499
9359343
24588
38961852
56153
96377628
30
69836902
61810
38403128
82912
88348925
95070
88803391
22924
33802731
45934
16541178
1388
19182539
70975
49284234
82970
25017366
64415
30585541
99895
97982255
80344
79403819
61252
92703279
78982
47684950
39759
3366774
57794
15845524
68356
41374761
46349
85076814
7577
6314631
67220
18961670
34268
24037
13696
51429921
39366
56203177
24246
81500574
94654
23499427
54388
69753173
70311
49159744
83671
8728596
40110
91899256
98093
79856025
63307
6283034
95929
58328008
78920
54376628
92349
46907329
6864
60380851
38690
35196998
84390
49894343
72350
17818696
77828
40736295
48443
7798959
33072
64336927
1131
39023949
82030
40140513
78857
60107672
43871
5167684
400
65238464
92648
84889878
46465
10897659
21994
25931998
99626
84327373
2802
65095678
43742
80074569
33682
3907726
44788
23639034
99413
39196642
14446
92069568
5957
4727685
2516
70164200
4641
86303228
28517
42138149
36848
17446384
2200
10490295
28535
88336507
9419
26457889
65172
81529221
83429
72722951
35807
