4233
439
171094
515
104319
296
137849
71
790991
596
593308
55
510440
539
552261
395
592542
768
382247
382
283214
484
740082
138
803961
168
294506
760
307967
304
547292
340
713336
159
786695
600
589408
34
893916
805
26568
637
84528
986
966213
553
651479
382
991460
525
824385
621
111461
430
581614
472
729365
316
425266
909
266701
911
508011
393
420075
752
688521
188
450944
375
394661
646
259865
157
766335
962
262996
470
361558
227
985063
598
609941
163
437887
118
429500
386
815975
98
8687
137
850574
84
990194
660
732706
666
889058
360
