0
1
2
3
4
5
12298
7
8
9
10
11
12
13
14
15
16
17
18
19
20
21
22
23
7124
12170
26
27
28
29
1218
990
32
11419
34
35
36
37
38
9935
40
41
42
43
44
6804
46
11212
48
12937
50
51
52
3261
54
5212
56
57
58
59
60
13440
14237
63
64
65
66
67
68
69
70
71
72
4069
74
75
76
77
78
9050
80
81
82
83
84
85
13252
87
1968
12865
90
4902
4964
93
94
95
96
97
98
99
100
101
102
103
104
105
6986
107
108
3877
110
111
4456
113
114
2210
8687
117
118
119
14764
121
122
2207
124
125
126
127
128
129
130
131
132
10441
134
135
136
137
7686
139
140
141
3038
143
144
145
1067
147
148
9293
150
151
152
153
154
155
156
1098
158
159
160
161
162
163
164
165
166
167
168
169
170
171
172
4287
174
175
176
177
8067
179
180
181
182
183
13322
185
186
187
188
1878
190
191
192
193
194
1002
196
197
198
199
200
201
202
203
204
205
206
207
11772
209
210
211
212
10443
214
215
216
217
218
219
220
221
222
7616
224
8547
226
227
228
229
230
231
232
233
234
235
9078
237
238
239
240
241
8917
243
244
245
9401
8412
248
1144
250
251
252
253
254
255
256
257
258
259
260
261
262
263
5192
265
12181
14502
268
269
270
271
272
273
274
275
276
277
278
279
280
281
6394
283
284
285
286
287
288
289
290
291
292
293
294
295
3336
3976
298
13802
300
301
302
303
304
305
306
307
308
309
310
311
312
313
11614
315
316
317
318
319
320
321
322
323
4091
3478
326
327
328
329
330
331
5218
333
334
335
336
337
9795
339
340
10641
342
343
344
345
7720
6670
348
349
350
351
352
353
354
355
356
357
358
359
360
361
362
363
364
365
366
367
1044
369
370
371
372
12918
374
375
376
377
10856
379
380
381
382
383
384
9659
10245
387
388
389
390
391
392
393
4352
395
396
397
398
8662
400
401
402
403
404
405
406
407
408
9832
9303
411
412
413
414
6943
416
417
13526
419
420
421
422
423
424
425
11026
427
428
429
430
10701
432
6513
434
435
436
5662
4065
439
440
441
10770
6378
10937
445
8306
447
12818
449
450
451
452
453
454
455
456
457
458
459
460
1557
462
463
10460
465
466
467
468
469
470
14391
472
473
10464
475
476
477
1273
479
10660
481
7286
483
484
1980
486
2950
488
13845
6190
491
492
493
494
495
496
497
498
499
2660
501
502
503
504
505
506
507
508
509
510
511
4282
513
514
515
4737
517
518
519
1385
521
522
523
524
525
526
527
12155
529
530
531
532
533
534
535
536
5222
538
539
540
541
542
543
544
4242
546
547
12851
1360
8346
551
552
553
554
11956
556
557
14844
559
560
10894
562
563
564
565
566
567
4658
569
3280
571
572
573
574
575
576
577
578
579
580
581
582
583
584
585
586
587
7809
7483
590
591
592
593
594
595
596
597
4758
599
600
601
602
603
604
605
606
607
608
609
610
611
612
613
614
4085
616
617
618
619
620
621
622
623
624
625
626
627
628
6496
630
631
632
633
14571
11442
636
10297
638
639
640
641
4579
643
644
645
646
647
648
649
12806
651
652
653
654
655
656
657
658
659
660
661
662
663
664
665
666
667
668
669
670
671
672
673
13231
675
676
677
678
679
680
7939
682
683
684
685
686
687
688
689
690
691
692
693
694
695
696
697
698
699
12453
701
702
703
704
705
706
707
708
709
710
711
712
713
714
715
716
13694
5317
719
9702
721
722
723
5646
11091
9223
727
728
729
730
12716
732
733
734
735
736
737
738
739
740
741
9577
12123
744
745
746
747
748
11390
750
751
14759
753
754
755
756
7064
758
759
760
761
762
5959
764
765
766
767
768
769
770
771
772
773
774
775
776
777
778
2603
780
781
782
783
784
785
786
787
13444
12269
790
791
9322
793
794
795
796
3544
798
799
800
801
802
803
804
805
806
807
808
809
810
811
812
813
814
815
816
817
818
9096
13706
821
822
11804
824
825
826
827
828
829
5469
831
4227
833
834
835
836
837
838
839
840
841
842
843
844
845
846
847
848
849
850
4249
852
853
854
855
14213
857
858
859
860
861
862
863
864
865
866
867
868
869
870
871
2696
873
874
875
876
877
878
879
10055
3342
882
11332
884
885
886
887
888
889
890
891
892
893
894
8720
896
10879
898
899
3264
901
902
903
904
2742
10116
907
908
2310
910
911
912
913
914
915
10406
917
918
919
920
921
922
923
924
925
926
927
928
929
930
931
932
933
934
935
936
937
938
939
940
941
942
943
944
945
946
947
948
949
950
951
952
953
954
955
956
957
958
959
960
961
962
963
964
965
966
967
968
969
11231
971
972
973
974
975
976
977
978
979
3570
981
982
983
984
985
986
987
988
11206
31
991
992
993
994
995
6992
997
998
999
13397
1001
14279
1003
1004
11441
1006
1007
1008
1009
1010
1011
1012
1013
1014
1015
1016
1017
12982
1019
1020
11401
10529
1023
1024
1025
1026
1027
1028
1029
1030
1031
1032
12641
1034
1035
1036
10398
1038
1039
1040
1041
1042
1043
368
1045
1046
11569
1048
1049
1050
1051
1052
12095
1054
1055
1056
1057
1058
1059
1060
1061
8600
1063
1064
1065
8266
146
1068
1069
14700
1071
1072
1073
1074
1075
1076
6045
2328
1079
1080
1081
8477
14775
12683
1085
1086
1087
1088
1089
1090
11662
1092
6058
1094
1095
1096
1097
157
1099
1100
1101
1102
1103
1104
1105
1106
1107
1108
1109
1110
1111
7586
1113
12062
1115
1116
1117
1118
1119
1120
1121
1122
1123
1124
1125
1126
1127
1128
1129
1130
1131
1132
1133
1134
5685
1136
1137
1138
9599
1140
8309
1142
1143
249
1145
1146
1147
1148
1149
1150
1151
1152
1153
1154
1155
1156
11855
1158
1159
1160
1161
1162
1163
1164
1165
1166
1167
1168
1169
1170
1171
1172
1173
1174
1175
1176
1177
13518
1179
1180
1181
1182
1183
1184
1185
1186
1187
1188
1189
1190
5252
1192
1193
1194
1475
5165
1197
11240
2709
1200
1201
1202
10257
1204
1205
8803
1207
1208
14671
1210
1211
5213
1213
1214
1215
1216
5018
2239
1219
14632
1221
1222
1223
1224
1225
7193
1227
1228
14185
1230
1231
1232
1233
1234
1235
1236
1237
1238
1239
1240
1241
2018
1243
11269
1644
1246
1247
8851
1249
1250
1251
1252
1253
1254
1255
1256
1257
1258
11816
1260
1261
1262
1263
1264
1265
11554
1267
1268
1269
1270
1271
13184
478
1274
1275
14118
1277
1278
1279
1280
1281
1282
12368
1284
1285
1286
1287
1288
1289
8203
12992
1292
1293
1294
1295
1296
6995
1298
1299
1300
5793
1302
1303
1304
1305
1306
4163
1308
1309
1310
1311
1312
1313
12211
13498
1316
1317
1318
1319
10575
1321
5539
1323
1324
1325
1326
1327
1328
1329
1330
1331
1332
1333
14212
1335
1336
11999
1338
3851
1340
1341
10816
2129
9141
1345
1346
1347
12074
1349
1350
1351
1352
1353
1354
1355
9647
1357
1358
1359
549
1361
1362
1363
11498
14540
11697
1367
1368
1369
1370
1371
1372
1373
1374
13597
1376
1377
1378
12578
1380
7447
5444
1383
1384
520
1386
1387
1388
10935
1390
1391
1392
1393
9214
1395
1396
1397
1398
1399
1400
1401
1402
1403
1404
1405
1406
1407
1408
1409
1410
1411
1412
4443
1414
1415
7613
1417
1418
1419
1420
1421
1422
1423
1424
14717
11996
1427
1428
1985
1430
1431
1432
1433
1817
1435
1436
1437
1438
9909
1440
1441
12162
1443
1444
1445
1446
1447
3041
1449
1450
3717
1452
1453
1454
1455
1456
1799
1458
1459
1460
1461
8648
1463
1464
2431
1466
6565
1468
1469
1470
1471
1472
881
1474
1195
1476
1477
1478
13192
1480
4731
10933
1483
1484
1485
1486
1487
1488
1489
1490
1491
1492
1493
1494
1495
2173
1497
1498
9694
1500
8128
1502
1503
1504
1505
1506
1507
1508
1509
1510
1511
1512
1513
13158
12034
1516
1517
1518
1519
1520
471
1522
1523
13911
1525
1526
1527
1528
1529
1530
1531
1532
1533
1534
1535
1536
1537
1538
14960
1540
1541
1542
1543
1544
1545
1546
1547
1548
12768
1550
1551
1552
5422
1554
1555
1556
9703
1558
1559
12419
1561
1562
2716
1564
1565
1566
1567
1568
1569
1570
1571
1572
1573
1574
1575
4678
1577
1578
1579
1580
1581
1582
1583
1584
9807
4112
1587
1588
1589
1794
1591
1592
1593
1594
1595
1596
1597
5415
1599
1600
3789
1602
1603
1604
1605
6459
1607
1608
1609
14397
1611
1612
1613
1614
1615
1616
1617
1618
1619
1620
1621
1622
1623
1624
1625
1626
1627
1628
1629
1630
11814
9844
10789
1634
1635
1636
1637
1638
1639
1640
1641
1642
1643
1245
1645
1646
1647
1648
1649
1650
2100
1652
1653
13083
1655
1656
12303
1658
1659
1660
1661
1662
1663
1664
1665
1666
13274
1668
1669
1670
1671
1672
1673
1674
1675
1676
1677
1678
1679
10157
1681
1682
1683
1684
1685
1686
1687
1688
1689
1690
1691
1692
1693
1694
1695
1696
1697
1698
1699
1700
1701
13115
1703
1704
1705
1706
1707
7097
1709
1710
1711
1712
1713
1714
1715
1716
1717
1718
1719
1720
1721
1722
1723
1724
1725
1726
1727
1728
1729
1730
1731
1732
1733
7733
1735
10627
1737
1738
1739
1740
1741
1742
1743
1744
1745
1746
1747
1748
1749
1750
1751
1752
1753
1754
1755
1756
1757
6709
1759
1760
1761
1762
1763
1764
2319
1766
1767
1768
1769
1770
1771
1772
1773
1774
1775
1776
1777
1778
1779
1780
1781
1782
9455
1784
11300
1786
1787
1788
1789
1790
1791
1792
1793
1590
1795
1796
1797
1798
1457
1800
1801
1802
1803
1804
1805
1806
1807
1808
1809
1810
1811
1812
1813
1814
1815
1816
1434
1818
1819
1820
1821
1822
1823
9077
12030
1826
1827
1828
3834
1830
1831
1832
1833
13012
1835
1836
1837
1838
1839
1840
1841
1842
1843
1844
1845
1846
7640
1848
1849
4659
12005
1852
1853
1854
1855
1856
10391
1244
1859
1860
3764
1862
1863
1864
11199
1866
1867
2201
5119
1870
1871
1872
1873
1874
1875
1876
1877
14123
1879
1880
12566
1882
1883
10193
1885
1886
1887
1888
1889
1890
1891
1892
1893
1894
1895
1896
5859
13524
1899
1900
1901
1902
1903
1904
1905
1906
1907
7121
1909
1910
1911
1912
1913
1914
1915
1916
1917
13239
1919
1920
1921
1922
1923
1924
1925
1926
1927
1928
1929
1930
1931
1932
1933
1934
1935
1936
1937
1938
5328
1940
4947
1942
1943
1944
8032
1946
1947
1948
1949
1950
1951
1952
1953
1954
1955
13450
1957
1958
1959
1960
1961
1479
1963
1964
1965
1966
1967
12557
1969
1970
1971
1972
10470
1974
1975
1976
1977
1978
1979
485
1981
1982
1983
1984
1429
3683
1987
1988
8446
1990
1991
13481
1993
1994
1995
1996
1997
1998
12413
2000
2001
2002
2003
2004
2005
2006
2007
2008
2009
2010
2011
2012
2013
12142
3829
2016
2017
1242
2019
2020
2021
2022
2023
2024
2025
2026
2027
1381
2029
2030
2031
2032
2033
2034
2035
2036
2037
2038
2039
2040
2041
2042
779
2044
2045
2046
2047
2048
2049
2050
2051
2052
2053
2054
7695
5758
2057
2058
2059
2060
7968
2062
2063
2064
12602
2066
2067
2068
2069
2070
2071
2072
2073
2074
6923
2076
2077
2078
2079
14157
14229
4850
2083
2084
2085
2086
2087
2088
2089
2090
2091
2092
2093
386
2095
2096
2097
2098
2099
1651
2101
2102
2103
2104
11781
2106
2401
2108
2109
2110
2111
2112
2113
2114
2115
2116
2117
2118
2119
2120
2121
2122
2123
2124
2125
2126
2127
2128
1343
2130
2131
2132
2133
2297
2135
2136
2137
2138
3123
2140
6566
2142
2143
2144
5484
2146
2147
2148
2149
5001
2151
2152
12152
5964
2155
2156
2157
2158
8596
2160
2161
5989
2163
5748
2165
2166
2167
2168
4896
2170
7572
2172
1496
2174
2175
2176
2177
2178
2179
2180
2181
2182
2183
7773
2185
2186
2187
13070
2189
2190
2191
2192
2193
2194
2195
2196
4518
2198
2199
14983
1868
2202
2203
7125
2205
2206
123
2208
2209
115
2211
2212
2213
2214
2215
2216
6173
2218
2219
3163
2221
2222
4764
2224
2225
2226
2227
2228
2229
2230
2231
12691
2233
2234
2235
2236
830
2238
14052
2240
2241
2242
6830
8170
2245
2246
2247
7622
2249
2250
2251
2252
2253
2254
11137
2256
7095
2258
2259
2260
3363
2262
2263
2264
8370
2266
13182
2268
11730
2270
2271
3465
2273
2274
2275
2276
2277
2278
2279
2280
2281
2282
2283
2284
2285
2286
2287
2288
2289
2290
2291
2977
2293
4686
2295
2296
2134
2298
2299
2300
2301
9637
2303
2304
2305
12367
2307
10465
2309
909
2311
8001
2313
2314
7101
7199
2317
2318
1765
10619
2321
2322
2323
2324
2325
2326
9152
1078
2329
2330
2331
2332
11988
2334
2335
2336
2337
2338
2339
2340
2341
12601
2343
2344
2345
2346
2347
2348
2349
2350
2351
11013
2353
2354
2355
3779
2357
2358
2359
2360
2361
9346
2363
2364
9171
2366
6653
2368
11895
2370
2371
2372
8842
2374
7886
2376
2377
2378
2379
2380
2381
14760
2383
2507
2385
2386
2387
2388
2389
2390
2391
2392
2393
2394
2395
2396
2397
2398
2399
2400
4449
2402
2403
2404
2405
2406
2407
2408
2409
2410
2411
2412
2413
2414
2415
2416
2417
2418
2419
2420
2421
2422
2423
2424
2425
2426
2427
2428
2429
6444
1465
2432
13815
47
2435
2436
2437
2438
5103
2440
2441
2442
2443
8952
2445
2446
2447
2448
2449
2450
2451
12923
2453
2454
2455
2456
2457
2458
2459
10395
2461
2462
9730
2464
4491
2466
2467
2468
2469
2470
2471
2472
2473
2474
2475
11166
2477
2478
2479
2480
2481
2482
2483
2484
2485
2486
1070
2488
2489
2490
2491
2492
2493
2494
2495
2496
2497
2498
2499
2500
2501
2502
2503
2504
2505
2506
2384
2508
2509
2510
2511
2512
5559
2514
2515
2516
2517
2518
2519
3761
2521
2522
2965
2524
2525
2526
3893
2528
11191
2530
2531
4274
2533
7431
8144
2536
2537
2538
2539
2540
2541
2542
2543
2544
2545
2546
2547
2548
2549
2550
1082
2552
2553
2554
2555
13977
2557
2558
2559
2560
2561
14146
2563
12347
2565
2566
2567
8155
2569
2570
2571
2572
2573
12726
2575
2576
2577
2578
2579
3126
2581
2582
2583
2584
2585
2586
2587
2588
2589
2590
2591
2592
2593
14428
2595
2596
2597
2598
30
2600
2601
2602
11675
2604
2605
2606
2607
2608
10311
2610
2611
2612
8968
2614
2615
2616
2617
2618
2619
2620
2621
2622
3990
2624
2625
2626
2627
2628
2629
2630
116
2632
2633
2634
2635
2636
2637
2638
3158
14112
2641
2642
2643
2644
2645
2646
2647
11562
2649
2650
2651
2652
6931
2654
2655
2656
2657
2658
2659
6351
2661
2662
2663
2664
2665
10442
1348
2668
2669
9710
2671
2672
9736
2674
2675
2676
2677
2678
12893
13107
2681
2682
2683
2684
2685
2686
2687
2688
2689
7359
2691
2692
2693
2694
2695
872
2697
2698
2699
2700
2701
2702
2703
2704
2705
2706
3075
2708
1199
2710
4411
2712
8246
2714
2715
10923
2717
2718
3742
2720
2721
9157
2723
2724
2725
2726
2727
2728
2729
2730
2731
2732
2733
8388
2735
2736
2737
2738
2739
2740
2741
905
2743
2744
2745
2746
2747
2748
2749
2750
2751
2752
2753
2754
2755
2756
2757
2758
2759
6305
2761
2762
2763
2764
2765
2766
2767
2768
9598
2770
2771
2772
2773
2774
2775
2776
2777
2778
2779
2780
2781
2782
2783
2784
2785
2786
2787
2788
2789
2790
2791
2792
2793
7307
2795
2796
2797
2798
2799
2800
2801
2802
2803
2804
2805
2806
2807
2808
2809
2810
2811
5441
9776
2814
2815
2816
2817
8678
2819
7963
2821
2822
2823
2824
2825
2826
2827
2828
2829
2487
2831
2832
2833
2834
2835
2836
2837
4260
2839
2840
2841
2842
2843
2844
2845
2846
2847
2848
2849
2850
2851
2852
2853
2854
2855
2856
2857
2858
2859
9605
2861
2862
2863
2864
2865
2866
2867
2868
2869
2870
2871
2872
2873
2874
2875
14179
2877
2878
2879
2880
2881
2882
9481
14478
2885
2886
2887
2888
2889
2890
2891
2892
2893
2894
2895
2896
2897
2898
11710
2900
2901
2902
2903
14731
2905
13965
2907
2908
2909
2910
2911
2912
2913
2914
2915
2916
2917
2918
11051
2920
2921
2922
2923
2924
2925
2926
2927
2928
2929
5204
8921
2932
2933
2934
2935
2936
2937
2938
2939
2940
2941
2942
2943
2944
2945
12872
5887
2948
2949
10596
2951
2952
2953
2954
2955
2956
2957
2958
2959
2960
2961
6557
2963
9400
2523
4169
2967
2968
2969
2970
2971
2972
2973
2974
2975
2976
2292
2978
2979
2980
2981
2982
2983
9822
2985
2986
2987
2988
3725
2990
2991
12996
2993
2994
2995
12734
2997
2998
2999
3000
3001
3002
3003
13906
3005
3006
3007
3008
3009
3010
3011
3012
3013
3014
3015
3016
3017
11957
3019
3020
3021
3022
3023
5315
5541
3026
3027
3028
3029
3030
3031
3032
3033
3034
3035
3036
7900
9582
3039
3577
1448
3042
3043
3044
3045
3046
3047
3048
3049
3050
13456
8320
3053
3054
3055
3056
3057
3058
14978
3060
3061
3062
3063
13137
3065
8782
3067
3068
3069
3070
3071
5113
3073
3074
2707
3076
4594
3078
3079
3080
3081
3082
3083
8712
8628
3086
3087
3088
3089
3090
3091
3092
6998
3094
3095
3096
3097
3098
3099
3100
3101
13054
3103
11888
3105
3106
3107
3108
3109
3110
3111
3112
3113
3114
3115
3116
3117
3118
3119
3120
3121
3122
2139
3124
3653
2580
3127
5568
3129
3130
3131
3132
3133
3134
3135
3136
3137
3138
3139
4626
3141
13926
3143
3144
3145
3146
3147
9751
3149
3150
3151
3152
3153
3154
3155
3156
3157
2639
3159
3160
9688
3162
2220
3164
3165
3166
3167
3168
3169
3170
3171
3172
3173
3174
3175
3176
3177
12548
3179
3180
3181
3182
3183
3184
3185
3186
3187
4762
3189
3190
3191
3192
3193
3194
3195
3196
3197
3198
3199
3200
3201
3202
3203
3204
3205
3206
3207
12531
3209
3210
3211
3212
3870
3214
5647
3216
3217
3218
3219
3220
3221
3222
3223
3224
3225
3226
3227
3228
3229
3230
3231
3232
3233
5027
3235
3236
3237
5695
3239
3240
3241
3242
3243
3244
3245
3246
3247
3248
3249
3250
3251
3252
3253
3254
3255
3256
11432
3258
3259
3260
6925
3262
3263
5112
3265
3266
3267
3268
3332
3270
3271
3272
3273
3274
3275
3276
3277
3278
3279
570
3281
3282
3283
7796
3285
3286
3287
3288
3289
3290
5131
3292
3293
3294
13605
3296
3297
3298
3299
3300
3301
3302
3303
3304
3305
3306
3307
1563
3309
3310
6322
3312
3313
6263
10126
3316
6044
3318
3319
3320
3321
3322
3323
3324
3325
3326
3327
3328
3329
3330
12460
6418
3333
3334
3335
296
3337
3338
3339
3340
3341
1473
3343
3344
3345
3346
3347
3348
5189
3350
3351
3352
3353
3354
3355
4701
3357
3358
3359
3360
3361
3362
2261
3364
13508
3366
5730
3368
3369
3370
3371
3372
3373
3374
3375
3376
3377
3378
3379
3380
3381
3382
3383
14487
3385
39
3387
3388
2551
13017
3391
3392
3393
3394
6371
4188
3397
3398
3399
3400
3401
3402
3403
3404
3405
3406
3407
7008
3409
3410
3411
3412
14597
3414
3415
3416
3417
3418
3419
3420
3421
3422
12429
3424
3425
3426
3427
3428
5286
3430
9758
3432
3433
3434
14175
3436
3437
3438
3439
4815
3441
3442
3443
3444
3445
3446
3447
3448
3449
3450
3451
3452
3453
3454
14353
3456
3457
3458
3459
4719
3461
3462
3463
3464
2272
3466
4953
3468
3469
3470
3471
3472
3473
3474
4252
3476
4361
9585
7345
3480
4857
3482
3483
3484
3485
3486
3487
3488
3489
3490
3491
3492
3493
3494
3495
3496
11629
3498
3499
3500
3501
3502
3503
3504
3505
3506
3507
3508
3509
3510
3511
6352
3513
3514
3515
3516
3517
3518
3519
3520
3521
3522
3523
3524
3525
3526
3527
3528
3529
10628
7666
3532
3533
3534
3535
3536
3537
3538
3539
3540
3541
3542
3543
13873
3545
3546
3547
3548
3549
3550
3551
3552
8925
3554
4514
3556
3557
3558
3559
3560
5684
6329
3563
3564
3565
3566
3567
14831
6245
5721
1212
3572
3573
3574
11303
3576
11487
14308
3579
3580
4008
3582
3583
3584
3585
11144
3587
5479
3589
3590
13755
3592
3593
3594
3595
3596
3597
3598
3599
3600
8615
3602
3603
14061
3605
3606
3607
3608
3609
3610
3611
3612
3613
3614
3615
3616
3617
3618
9094
3620
3621
3622
3623
12619
5029
3626
3627
3628
3629
3630
3631
3632
3633
3634
3635
3636
3637
3638
3639
3640
3641
3642
3643
3644
3645
3646
3647
3648
3649
3650
3651
3652
3125
3654
3655
3656
3657
3658
3659
3660
3661
3662
3663
3664
3665
3625
3667
3668
3669
3670
3671
13058
3673
10775
3675
3676
3677
3678
9627
13777
13835
3682
1986
3684
8492
3686
3687
3688
3689
3690
3691
3692
3693
3694
3695
3696
6683
3698
3699
3700
3701
3702
10439
3704
13399
3706
3707
3708
3709
3710
3711
3712
3713
3714
3715
480
6337
3718
3756
3720
3721
3722
3723
7143
6409
12598
3727
3728
3729
3730
3731
3732
5555
3734
3735
3736
3737
3738
10774
3740
3741
11628
7980
3744
3745
3746
3747
3748
12581
11325
3751
3752
3753
3754
3755
3719
3757
7278
3759
3760
2520
3762
10180
1861
3765
3766
3767
3768
3769
3770
7922
5904
3773
3774
3775
3776
3777
3778
2356
3780
3781
3782
14286
3784
3785
3786
3787
3788
6985
3790
3791
3792
3793
3794
3795
3796
11351
3798
3799
3800
5834
3802
3803
3804
9549
10861
3807
3808
3809
7975
14592
11207
3813
3814
3815
3816
3817
3818
3819
3820
3991
3822
3823
3824
3825
3826
3827
3828
2015
3830
3831
3832
3833
1829
3835
3836
3837
3838
3839
3840
3841
3842
3843
5025
7060
3846
3847
3848
3849
3850
1339
3852
3853
3854
3855
3856
3857
3858
8825
3860
3861
3862
3863
3864
3865
3866
3867
3868
3869
4900
3871
3872
3873
11374
3875
9511
109
3878
4543
3880
3881
3882
3883
3884
6718
3886
3887
3888
3889
3890
3891
3892
4291
10139
3895
3896
3897
3898
3899
3900
3901
3902
3903
3904
3905
3906
3907
3908
3909
3910
3911
3912
13599
3914
3915
3916
3917
3918
3919
3920
3921
3922
3923
3924
3925
3926
3927
3928
3929
3930
3931
3932
3933
3934
3935
8997
3937
3938
3939
3940
13660
3942
7410
3944
3945
3946
3947
6698
3949
3950
3951
3952
3953
3954
3955
3956
3957
14867
3959
3960
3961
3962
3963
6871
3965
3966
3967
3968
8488
6600
3971
3972
4783
3974
3975
297
3977
3978
3979
3980
3981
5848
3983
12766
3985
3986
3987
12761
3989
5545
3821
3992
3993
3994
3995
3996
3997
3998
3999
4000
4001
4002
4003
4004
4005
4006
4007
3581
4009
4939
4011
4012
4013
4014
4015
4016
4017
4018
4019
4020
4021
4022
4023
4024
4025
4026
4027
4028
4029
4030
4031
4032
4033
4034
4035
4036
4037
4038
4039
4040
4041
4042
4043
4044
4045
4046
4047
4048
4049
720
4051
4052
4053
4054
4055
4056
4057
4058
4059
13367
11546
5191
4063
4064
7895
11598
4067
13658
5295
4070
8475
4072
4073
4074
11523
4997
4077
4078
4079
4080
4081
4082
4083
5151
615
4086
4087
4088
4089
4506
324
7029
4093
4094
6140
4096
4097
4098
6390
4100
4101
1553
4103
4104
4105
4106
4107
4108
4109
4110
4111
1586
4113
4114
4115
4116
4117
4118
4119
4120
4121
13177
5833
4124
4125
4126
4127
4128
4129
4130
4131
4132
4133
4134
4135
4136
4137
4138
4139
13948
4141
4142
4143
4144
4145
4146
4147
4148
2333
4150
4151
4152
4153
4154
4155
4156
4157
4158
4159
4160
4161
4162
1307
4862
4165
4166
4167
4168
2966
4170
4171
4172
4173
4174
4175
6722
4177
8702
4179
4685
4181
4182
5455
4184
4185
4186
4187
3396
4189
4190
5927
4192
4193
4194
4195
4196
4197
4198
9002
4200
4201
4202
4203
4204
4205
4206
4207
4208
8733
4210
10987
4534
4213
4214
4215
4216
4217
4218
4219
4220
4221
4222
4223
4224
4225
4226
832
4228
4229
4230
4231
4232
4233
4234
4235
4236
4237
4238
4239
4240
4241
545
4243
4244
4245
4246
4247
4248
851
4250
4251
3475
4253
4254
4255
4256
4257
4258
4259
2838
4261
4262
4263
4264
3716
4266
4267
4268
4269
4270
4271
4272
4273
2532
4275
4276
4277
4278
4279
4280
4281
12108
4283
4284
4285
4286
173
4288
4289
4290
2527
4292
4293
4294
4295
4296
4297
4298
4299
4300
4301
4302
4303
4304
12924
4306
4307
4308
10050
4749
4311
4312
4313
4314
4315
4316
4317
4318
4319
4320
4321
4322
4323
4324
4325
4326
4327
4328
4329
4330
4331
4332
4333
4334
4335
4336
9747
4338
4339
4340
4341
4342
4343
4344
4345
5362
4347
4348
4349
4350
4351
394
4353
4354
4355
4356
4357
4358
4359
4360
3477
4362
4363
4364
4365
4366
4367
4368
4369
4370
4371
4372
4373
4374
4375
4376
4377
4378
4379
4380
6133
4382
4383
4384
4385
4386
4387
4388
4389
4390
4391
4392
4393
4394
6490
4396
4397
4398
4399
4400
4401
4402
4403
4404
4405
4406
4407
4408
4409
4410
2711
4412
5811
4414
4415
4416
4417
4418
4419
4420
4421
4422
10252
4424
3844
4426
4427
4428
4429
4430
4431
14059
4433
4434
4435
4436
4437
4438
4439
4440
4441
14030
1413
4444
4445
4446
4447
4448
2107
4450
4451
4452
4453
4454
4455
112
6338
4458
4459
4460
4461
12235
4463
4464
4465
4466
4467
4468
4469
4470
4471
4472
4473
4474
4475
4476
4477
4478
4479
4480
4481
4482
4483
4484
4485
4486
4487
4488
4489
4490
2465
2362
4493
4494
11981
4496
4497
4498
4499
4500
4501
4502
4503
4504
4505
4090
12462
4508
4509
4510
4511
4512
6978
3555
4515
4516
4517
2197
4519
4520
4521
4522
4523
4524
4525
4526
10908
4528
4529
4530
4531
4532
4533
4212
4535
4536
4537
4538
4539
4540
4541
4542
3879
4544
4545
4546
4547
4548
4549
4550
13994
4552
4553
4554
9764
4556
5050
11248
4559
4560
12261
4562
4563
4564
4565
4566
4567
4568
4569
4570
4571
4572
4573
4574
4575
4576
4577
4578
642
4580
9477
4582
4583
4584
4585
4586
4587
4588
4589
5994
4591
4592
4593
3077
4595
4596
8747
8439
10682
4600
4601
4602
4603
4604
8031
4606
4607
4608
4609
4610
4611
9341
4613
4614
4615
4616
13204
4618
8658
4620
4621
4622
4623
13293
4625
9983
9997
4628
4629
4630
4631
4632
4633
4634
4635
4636
10555
4638
4639
4640
13381
4642
4643
4644
4645
4646
4647
4648
4649
4650
4651
4652
4653
4654
4655
4656
4657
13080
1850
4660
4661
4662
4663
4664
4665
4666
11790
4668
4669
4670
8418
4672
4673
4674
11376
4676
4677
9846
4679
7221
4681
4682
4683
4684
4180
2294
5889
4688
4689
4690
4691
4692
4693
4694
490
4696
4697
4698
4699
9562
3356
13594
4703
4704
4705
4706
4707
8141
4709
4710
4711
4712
4713
4714
6057
4716
4717
4718
3460
4720
4721
4722
4723
4724
4725
4726
4727
5497
4729
446
1481
11485
4733
4734
13342
4736
516
4738
4739
4740
4741
4742
7148
4744
4745
4746
4747
4748
4310
4750
4751
4752
4753
4754
4755
4756
9213
8284
4759
4760
14412
3188
4763
5825
4765
4766
4767
4768
4769
4770
4771
12615
4773
4774
4775
4776
4777
4778
4779
4780
4781
4782
3973
4784
4785
4786
12547
4788
4789
4790
4791
13488
4793
4794
4795
4796
13945
4798
4799
4800
4801
4802
4803
4804
4805
10533
4807
4808
4809
4810
8332
4812
4813
4814
3440
4816
4817
4818
4819
5782
4821
4822
4823
4824
4825
4826
4827
4828
4829
4830
4831
4832
4833
4834
4835
4836
4837
4838
4839
4840
4841
11889
5098
4844
4845
4846
4847
4848
12190
2082
4851
4852
4853
4854
4855
7443
3481
4858
8400
4860
7598
4164
4863
4864
4865
4866
4867
4868
4869
4870
4871
4872
4873
13629
4875
4876
4877
4878
4879
4880
4881
4882
10129
4884
4885
4886
4887
4888
4889
4890
12991
4892
4893
4894
4895
2169
4897
4898
4899
3213
9467
91
12995
5973
4905
5768
11041
4908
8606
4910
4911
4912
10363
14515
4915
4916
4917
4918
4919
4920
4921
4922
4923
4924
4925
4926
10365
4928
4929
4930
4931
4932
4933
4934
4935
4936
4937
4938
4010
4940
4941
4942
4943
4944
4945
11293
1941
4948
4949
4950
4951
4952
3467
14355
4955
4956
4957
4958
6465
10435
4961
4962
4963
92
4965
4966
4967
4968
4969
4970
4971
4972
4973
4974
4975
4976
4977
12138
5598
4980
4981
4982
4983
14080
12988
4986
4987
4988
4989
4990
4991
4992
4993
4994
7017
4996
4076
4998
4999
5000
2150
8200
5003
5004
5005
9557
5007
9196
5009
5010
5011
5012
5013
1585
5015
5016
7792
1217
5019
5020
11658
5022
5023
5024
4425
5026
11736
5028
3666
5030
5031
5032
5033
5034
5090
5036
14444
5038
5039
5040
5041
5042
5043
5044
5045
7067
5047
5048
5049
4557
5051
5052
5053
5054
5055
5056
5057
5058
5059
5060
5061
5062
5063
5064
5065
5066
5067
5068
5069
5070
5071
5072
5073
13510
7490
5076
5077
5078
12313
5080
5081
5082
5083
4995
5085
5086
5087
5088
5089
5035
5091
5092
5093
8324
5095
5096
5097
4843
5099
5100
5101
5102
2439
5104
5105
14520
5107
5108
5109
5110
5111
900
3072
5114
5115
12285
5117
5118
1869
5120
5121
5122
5123
10410
5125
10967
5127
5128
5129
5130
3291
5132
5133
5134
5135
5136
14932
5138
5139
5140
5141
5142
5143
5144
5145
5146
5147
5148
1291
5150
4084
5152
5153
5154
5155
5156
8728
5158
10326
5160
5161
5162
5163
5164
14733
5166
5167
5168
14471
5170
5171
12236
5173
12889
9059
5176
5177
5178
5179
5180
5181
5182
5183
5184
5185
5186
5187
5188
3349
5190
14369
264
12553
5194
5195
5196
10358
5198
5199
5200
5201
5202
5203
2930
5205
2679
5207
5208
5209
5210
5211
55
3571
5214
5215
5216
5217
332
5219
5220
5221
9235
5223
5224
5225
5226
5227
5228
5229
5230
5231
5232
5233
8206
5235
5236
5237
5238
5239
5240
5241
5242
5243
5244
5245
10867
5247
5248
5249
14936
5251
1191
5253
5254
5255
5256
5257
5258
5259
5260
5261
5262
5424
5264
5265
5266
5267
5268
5269
5270
5271
5272
5273
5274
5275
5276
5277
5278
5279
5280
5281
5282
5283
5284
5285
3429
11782
5288
5289
5290
11739
5950
11608
5294
73
5296
5297
5298
5299
14339
5301
5302
5303
5304
5305
5306
5307
5308
5309
5310
5311
5312
5313
5314
7611
5316
718
5318
5319
5320
5321
5322
5323
5324
5325
6167
11903
1939
5329
5330
9570
5332
5333
5334
5335
5336
5337
5338
5339
5340
5341
5342
5343
5344
5345
5346
5347
5348
5349
7927
5351
5352
5353
5354
5355
5356
5357
12388
5359
5360
14472
4346
5363
5364
5365
5366
8964
5368
5369
7896
5371
5372
5373
5374
5375
5376
5377
5378
5379
5380
5381
5382
5383
5384
5385
5386
5387
5388
5389
12876
5391
7034
11869
5394
5395
5396
5397
5398
5399
5400
5401
5402
5403
5404
5405
5406
5407
11340
5409
5410
5411
5412
5413
5414
1598
5416
5417
5418
5419
5420
5421
4102
5423
5263
5682
5426
5427
5428
5429
5430
5431
5432
5433
5434
5435
13704
5437
5438
5439
5440
2812
5442
5443
1382
5445
5446
5447
10466
5449
5450
5451
5452
8030
5454
7240
5456
5457
5458
5459
5460
5461
5462
5463
5464
5465
5466
5467
5468
2237
282
5471
5472
14668
5474
6548
12300
5477
5478
3588
5480
5481
5482
5483
2145
5485
5486
5487
7355
5489
5490
5491
5492
5493
5494
5495
5496
4728
14001
5499
9975
5501
5502
5503
5504
5505
5506
5507
5508
5509
5510
5511
5512
14075
5514
5515
5516
5517
5518
5519
5520
5521
558
5523
5524
5525
13313
5527
5528
5529
5530
5531
5532
6083
5534
14473
5536
11672
5538
1322
5540
3025
5542
10753
5544
2623
5546
5547
5548
5549
5550
5551
5552
5553
3943
3733
5556
5557
5558
2513
5560
5561
5562
5563
9028
5565
5566
5567
3128
5569
5570
5571
5572
5573
5574
5575
5576
5577
5578
5579
5580
5581
5582
10757
5584
5585
5586
5587
5588
10110
5590
5591
11289
5593
5594
1992
5596
5597
4979
5627
5600
5601
5602
5603
5604
5605
5606
5607
5608
5609
5610
5611
13425
5613
5614
5615
5616
5617
5618
5619
5620
13826
5622
4598
5624
5625
5626
8740
5628
5629
5630
5631
5632
5633
5634
5635
5636
5637
5638
5639
5640
5641
5642
5643
5644
5645
12060
3215
5648
5649
5650
5651
5652
5653
5654
5655
5656
5657
5658
5659
5660
5661
10182
5663
5664
5665
5666
5667
5668
5669
5670
5741
5672
5673
5674
5675
5676
6800
8774
5679
7489
5681
5425
5683
5984
1135
5686
5687
5688
5689
5690
5691
5692
5693
5694
12129
5696
5697
5698
5699
5700
5701
5702
5703
5704
5705
5706
5707
5708
5709
5710
5711
5712
5713
5714
5715
5716
5717
5718
8958
5720
980
5722
5723
5724
5725
5726
5727
5728
5729
5749
5731
5732
5733
5734
5735
5736
5737
5738
13709
5740
5671
5742
5743
7216
5745
5746
5747
2164
3367
5750
5751
5752
5753
5754
5755
5756
5757
2056
5759
5760
5761
5762
5763
5764
5765
5766
5767
4906
5769
5770
5771
5772
1482
5774
5775
5776
5777
5778
5779
5780
5781
4820
12984
5784
5785
5786
5787
12063
5789
5790
5791
7527
1301
5794
5795
5796
5797
5798
5799
5800
5801
5802
5803
5804
5805
7827
5807
5808
5809
5810
13237
5812
5813
5814
5815
5816
399
5818
5819
5820
5821
5822
5823
5824
2223
5826
5827
5828
5829
5830
5831
5832
4123
3801
5835
5836
5837
5838
5839
5840
7714
5842
5843
5844
10258
5846
5847
3982
5849
7950
5851
5852
5853
5854
5855
5856
5857
5858
1897
5860
5861
5862
5863
5864
5865
5866
5867
5868
5869
5870
5871
5872
5873
5874
5875
5876
5877
5878
5879
5880
5881
5882
5883
5884
5885
5886
2947
5888
4687
5890
5891
5892
5893
11907
5895
5896
5897
5898
12041
5900
10699
5902
5903
3772
5905
5906
5907
5908
8487
5910
5911
5912
5913
5914
5915
5916
5917
5918
5919
5920
5921
5922
5923
5924
5925
5926
6591
5928
11756
5930
5931
5932
5933
5934
13509
5936
5937
5938
5939
5940
5941
5942
13506
5944
5945
7420
5947
5948
5949
5292
5951
5952
5953
5954
5955
5956
5957
5958
10173
5960
5961
5962
11798
2154
5965
14222
5967
5968
5969
13300
5971
8115
4904
5974
5975
5976
5977
13562
5979
5980
5981
5982
5983
3561
5985
5986
5987
5988
2162
5990
5991
5992
5993
8083
5995
5996
5997
5998
5999
6000
6001
12859
6003
6004
6005
11416
6007
6008
6009
6010
6011
6012
6013
6014
6015
6016
6017
6018
6019
13099
6021
6022
6023
6024
6025
6026
6027
6028
6029
6030
6031
6032
6033
6034
6035
6036
6037
6038
6039
6040
6041
6042
13890
3317
1077
6046
6047
6048
6049
6050
6051
14399
6053
6054
6055
6056
4715
8840
6059
6060
6061
6062
6063
6064
6065
6066
6067
9756
6069
13823
6071
6072
6073
6074
6075
6076
6077
6078
6079
6080
6081
6082
5533
6084
6085
14346
6087
6088
6089
12637
6091
6092
6093
6094
6095
6096
6097
6098
6099
14314
6101
6102
6103
6104
6105
6106
6107
6108
6109
7845
6111
6112
6113
6114
6115
6116
6117
6118
6119
6120
6121
6122
11916
6124
6125
6126
6127
6128
6129
6130
6131
6132
4381
6134
6135
6136
6137
6138
6139
4095
6141
11242
6143
7727
6145
6146
6147
6148
6149
6150
11834
6152
6153
6154
6155
6156
6157
6158
6159
6160
6161
6162
6163
6164
6165
6166
883
10542
6169
6170
6171
6172
2217
6174
6175
6176
6177
6178
6793
6180
6181
6182
6183
6184
6185
10189
6187
6188
8951
4695
6191
11365
6193
6194
6195
6196
11443
7516
6199
6200
6201
6202
6203
6204
6205
6206
6207
6208
6209
10576
6211
6212
6213
6214
6215
6216
6217
6218
6219
6220
6221
6222
6223
6224
6225
6226
6227
6228
6229
6230
6231
6232
6233
6345
6235
6236
6237
6238
6239
14653
6241
10563
6243
13159
3569
6246
6247
6248
6249
6250
6251
6252
10712
6254
6255
6256
6257
6258
6259
6260
6261
223
3314
6264
6265
6266
6267
6268
6269
6270
6271
6272
6273
6274
6275
6276
6277
6278
6279
6280
6281
6282
6283
6284
8281
6286
6287
6288
6289
11279
9607
6292
6293
6294
6295
6296
6297
6298
6299
6300
6301
6302
6303
14967
8098
9780
6307
6308
6309
6310
14902
6312
6313
6314
6315
6316
6317
6318
6319
6320
6321
6752
6323
6324
6325
6392
6327
474
3562
6330
6331
6332
6333
6334
6335
6336
1451
4457
6339
6340
6341
6342
6343
6344
6234
6346
7681
6348
6349
6350
13722
5390
6353
6354
6355
6356
6357
6358
7111
10217
6361
6362
6363
6364
6869
6366
6367
6368
6369
6370
3395
6372
6373
6374
6375
6376
6377
443
6379
6380
6381
6382
6383
6384
6385
6386
6387
6388
6389
12335
6391
6326
8089
5470
6395
6396
6397
6398
6399
6400
6401
6402
6403
6404
7566
7259
6407
6408
8394
6410
6411
6412
6413
6414
6415
6416
6417
3269
6419
6420
6421
6422
6423
6424
6425
6426
6427
6428
6429
6430
6431
550
6433
6434
12000
6436
8675
6438
6439
6440
6441
6442
6443
13025
6445
8375
6447
6448
6449
6450
6451
6452
6453
9314
6455
6456
6457
14063
1606
6460
6461
6462
6463
500
4959
6466
6467
6468
6469
6470
6471
6472
10286
6474
6475
6476
6477
6478
6479
6480
6481
6482
6483
3783
6485
6486
6487
6488
6489
4395
6491
6492
6493
14050
6495
629
6497
6498
6499
6500
8699
6502
6503
6504
6505
6506
12167
6508
6509
6510
6511
8275
433
6514
6515
6516
6517
6518
6519
6520
6521
6522
14370
6524
11024
6526
6527
6528
6529
6530
6531
6532
8190
6534
6535
6536
6537
9336
6539
6540
6541
3140
6543
6544
6545
10124
6547
5475
6549
6550
6551
6552
6553
10144
7347
6556
14607
6558
6559
6560
10423
6562
6563
6564
1467
2141
6567
6568
6569
12656
6571
6572
6573
6574
6575
6576
6577
6578
6579
6580
6581
6582
6583
6584
6585
6586
6587
14577
6589
6590
4191
6592
6593
6594
10262
6596
12350
6598
6525
3970
6601
13682
6603
6604
6605
6606
6607
6608
6609
6610
6611
6612
6613
6614
6615
6616
6617
6618
6619
6365
742
6622
6623
6624
6625
6626
6627
6628
6629
6630
6631
6632
6633
6634
6635
6636
6637
6638
6639
6640
6641
6642
6643
6644
14268
7304
6647
6648
6649
6650
6651
7570
2367
6654
6655
6656
6657
6658
6659
6660
6661
6662
14773
13875
6665
6666
6667
6668
6669
347
6671
6672
6673
6674
6675
6676
6677
6678
6679
6680
6681
6682
8100
6684
6685
6686
6687
6688
10827
6690
6691
6692
6693
6694
6695
6696
6697
3948
6699
6700
6701
6702
6703
6704
6705
6706
6707
6708
1758
6710
6711
12245
6713
6714
6715
6716
14202
3885
6719
6720
6721
4176
6723
6724
6725
6726
6727
6728
6729
6730
13408
6732
6733
6734
6735
6736
11183
6738
6739
6740
6741
6742
6743
6744
6745
6746
6747
6748
6749
6750
6751
3311
6753
6754
6755
13011
6757
6758
6759
6760
6761
6762
6763
6764
6765
6766
6767
6768
12306
6770
6771
6772
6773
6774
9335
6776
6777
6778
6779
6663
6781
6782
6783
6784
6785
6786
6787
6788
6789
6790
6791
6792
6179
6794
6795
6796
6797
6798
6799
5677
6965
6802
6803
11122
6805
6806
6807
8760
6809
6810
6811
6812
8659
6814
6815
6816
6817
6818
6819
14781
6821
6822
6823
6824
6825
6826
6827
6828
6829
2243
6831
6832
6833
6834
9107
13623
6837
6838
6839
6840
6841
6842
6843
6844
6845
6846
6847
6848
6849
6850
6851
6852
6853
6854
6855
6856
6857
6858
10884
6860
10234
9619
6863
6864
6865
6866
6867
6868
11173
8669
3964
6872
6873
6874
6875
6876
6877
6878
6879
6880
6881
6882
6883
6884
11550
6886
6887
6888
6889
6890
6891
6892
6893
6894
6895
6896
6897
11652
6899
6900
6901
6902
7892
6904
13905
6906
6907
6908
6909
6910
6911
6912
6913
6914
6915
6916
6917
6918
6919
6920
6921
6922
14800
6924
53
7281
6927
6928
6929
6930
2653
6932
9232
6934
6935
6936
6937
6938
6939
9309
6941
6942
415
6944
6945
6946
10740
14710
8133
6950
6951
6952
6953
6954
6955
6956
8234
12870
6959
6960
6961
6962
6963
6964
6801
6966
6967
6968
12968
6970
6971
6972
6973
6974
6975
6976
6977
8130
6979
6980
6981
6982
6983
6984
61
106
6987
6988
6989
6990
6991
996
6993
6994
1297
6996
6997
3093
6999
7754
7001
7002
7003
7004
7005
7006
7007
14724
7009
7010
7011
10848
7013
7014
7015
7016
5084
7018
10008
7020
7021
7022
7023
7024
7025
7026
7027
10663
4092
7030
7031
7032
7033
5392
7035
7036
7037
7038
7039
1851
7041
7042
7043
7044
7045
7046
7047
7048
7049
7050
7051
7052
7053
7054
7055
7056
7057
7058
757
8759
7061
7062
7063
7059
13393
7066
5046
7068
7069
7070
7071
7072
7073
7074
7075
7076
7077
7078
7079
7080
7081
7082
7083
7084
14149
9427
7087
7088
7089
7090
7091
7092
7093
7094
2257
7096
1708
7098
7099
7100
2315
7102
7103
7104
4075
7106
7107
7108
7109
7110
12173
7112
7113
7114
7115
10990
7117
7118
7119
8716
1908
7122
7123
24
2204
7126
7127
7128
7129
7130
7131
7132
7133
7134
7135
7136
7137
7138
7139
14683
7141
7142
3724
7144
7145
7146
7147
4743
7149
7150
7151
7152
7153
7154
7155
14162
7157
7158
7159
7160
6712
7162
7163
13180
7165
13314
7167
7168
7169
7170
7171
7172
7173
7174
7175
7176
7177
7178
7179
7180
8601
7182
7183
7184
7185
7186
7187
7188
7189
7190
7191
7332
1226
7194
7195
7196
7197
7198
2316
7200
7201
7202
7203
7204
7205
7206
7207
7208
7209
7210
7211
7212
7213
7214
7215
5744
7217
12825
7219
7220
4680
7222
7223
7224
7225
7226
7227
7228
7229
7230
7231
13685
7233
7234
7235
7236
7237
12610
7239
11595
7241
7242
7243
7244
7245
7246
7247
7248
7249
7250
7251
7252
7253
7254
7255
7256
7257
7258
8151
7260
7261
7262
7263
7264
7265
7266
7267
7268
7269
7270
7271
7272
7273
7274
7275
1918
7277
3758
13030
7280
6926
7282
7283
7284
7285
13523
7287
7288
7289
7290
7291
7292
7293
7294
7295
6262
7297
7512
7299
10036
7301
7302
7303
6646
7305
7306
2794
7308
7309
7310
7311
7312
7313
7314
7315
7316
7317
7318
7319
7320
7321
7322
7323
7324
7325
7326
7327
7328
7329
7330
7331
7192
8095
14829
7335
7336
7337
7338
7339
7340
11005
7342
7343
7344
3479
7346
6555
7348
11245
7921
7351
7352
7353
7354
5488
7356
7357
7358
2690
7360
7361
7362
7363
7364
7365
7366
7367
7368
7369
7370
7371
7372
7373
7374
7375
7376
7377
7378
7379
7380
7381
7382
7383
7384
7385
7386
7387
7388
7389
7390
7391
7392
7393
7394
7395
7396
7397
7398
7399
7400
7412
7402
7403
7404
7405
7406
7407
7408
7409
5554
7411
7401
7413
8820
7415
7416
7417
7418
7419
11002
7421
7422
7423
7424
7425
7426
7427
7428
7429
7430
2534
1356
7433
7434
7435
7436
7437
7703
7439
7440
7441
7442
4856
7444
10112
7446
2028
7448
7449
7450
7451
7452
7453
7454
7455
7456
7457
7458
7459
7460
7461
7462
12881
7464
7465
7466
7467
7468
12336
7470
7471
7472
7473
7474
7475
9204
7477
7478
7479
7480
7481
7482
589
7484
7485
7486
7487
7488
5680
5075
7491
7492
7493
7494
7495
7496
7497
7498
7499
7500
7501
7502
4442
7504
7505
7506
7507
7508
7509
7510
7511
13969
7513
7514
7515
6198
7517
7518
7519
7520
7521
7522
7523
7524
7525
7526
5792
7528
7529
7530
7531
7532
7533
45
10235
7536
9900
7538
7539
7540
8314
7542
7543
7544
7545
7546
7547
7548
7549
7550
7551
7552
7553
7554
7555
7556
7557
6599
7559
7560
7561
7562
7563
7564
7565
6405
7567
7568
7569
6652
12134
2171
7573
7574
7575
7576
7577
7578
7579
11712
7581
7582
7583
7584
7585
1112
7587
7588
7589
7590
7591
7592
7593
7594
7595
7596
8847
4861
7599
14406
7601
7602
7603
7604
7605
7606
1657
7608
7609
7610
8368
7612
1416
7614
7615
7296
7617
7618
7619
7620
7621
2248
7623
7624
7625
7626
7627
7628
7629
7630
14763
7632
7633
7634
7635
7636
7637
7638
7639
1847
7641
7642
7643
7644
7964
7646
7647
7648
12396
9564
12383
7652
7653
7654
4772
7656
7657
7658
7659
7660
7661
7662
7663
7664
7665
3531
7667
13716
7669
7670
7671
14532
7673
7674
7675
7676
7677
7678
7679
7680
6347
11560
10991
7684
7685
138
7687
9954
7689
7690
7691
7692
7693
7694
2055
7696
7697
7698
7699
7700
7701
7702
7438
7704
7705
7706
7707
7708
7709
7710
7711
7712
8525
5841
7715
7716
13246
8403
8634
14711
7721
9212
7723
14041
8858
14036
6144
7728
14678
7730
7731
7732
1734
7734
7735
7736
7737
7738
7739
7740
7741
7742
7743
7744
7745
7746
7747
7748
7749
7750
7751
7752
7753
7000
7755
7756
7757
7758
13616
7760
7761
12205
7763
7764
7765
14272
7767
7768
7769
7770
7771
7772
2184
7774
7775
7776
7777
7778
7779
7780
7781
7782
7783
7784
7785
7786
7787
7788
7789
5326
7791
5017
7793
7794
7795
3284
7797
7798
7799
7800
7801
7802
8719
7804
7805
13675
7807
14459
588
7810
7811
7812
7813
7814
7815
7816
7817
7818
7819
7820
9893
7822
7823
7824
7825
7826
5806
7828
7829
7830
7831
7832
7833
7834
7835
7836
7837
7838
7839
7840
7841
7842
7843
7844
6110
7846
7847
7848
7849
7850
7851
7852
7853
7854
7855
7856
7857
7858
7859
7860
7861
7862
7863
7864
7865
7866
7867
178
7869
7870
7871
7872
7873
7874
7875
7876
7877
7878
7879
7880
7881
7882
7883
7884
7885
2375
7887
7888
7889
7890
7891
6903
7893
7894
438
5370
7897
7898
7899
13412
7901
7902
7903
8788
7905
7906
7907
7908
8481
7910
7911
7912
7913
7914
7915
7916
7917
7918
7919
7920
7350
13144
7923
7924
7925
7926
5350
7928
7929
7930
7931
7932
7933
7934
7935
7936
11294
7938
681
7940
7941
7942
7943
7944
7945
7946
7947
7948
7949
2680
2188
7952
7953
7954
12457
11168
7957
7958
7959
7960
7961
7962
2820
7645
7965
7966
9035
2061
7969
9630
7971
7972
7973
7974
3810
7976
7977
7978
7979
3743
7981
7982
7983
7984
7985
7986
7987
7988
7989
7990
7991
12377
7993
7994
7995
7996
7997
7998
7999
13673
2312
8002
8003
8004
8005
8006
8007
8008
8009
8010
8011
8012
8013
8014
8015
8016
8017
8018
8019
8020
8021
8022
8023
8024
8025
8026
8027
8028
8029
3568
4605
9779
8033
8034
8035
2320
8037
8038
8039
12107
8041
8042
8043
8044
8045
8064
8047
8048
8049
11906
8051
8052
8053
8054
8055
8056
8057
8058
2722
8060
8061
8062
8063
8046
8065
8066
7868
8068
8069
8070
8071
8072
8073
8074
8075
8076
8077
8078
8079
8080
8081
8082
11019
8084
8085
8086
12436
8088
6393
7718
7719
8092
8093
11113
7333
8096
13896
12492
14868
3697
8101
8102
8103
8104
8105
8106
8107
8108
8109
8110
8111
3941
8113
8114
11844
8116
8117
8118
8119
8120
8121
3859
8123
8124
8125
8126
8127
1501
8129
4513
8131
8132
6949
8134
8135
8136
8137
8138
8139
8140
4708
8142
8143
2535
8145
8146
8147
2081
8149
8150
6406
8152
8153
8154
2568
8156
8157
8158
8159
8160
8161
8162
6620
8164
8165
8166
8167
8168
8169
2244
12048
12133
8173
8174
8175
8176
8177
8178
8179
8180
8181
8182
8183
8184
8185
8186
8187
8188
8189
14153
8191
8192
8193
8194
8195
8196
8197
8198
12259
5002
8201
8202
1290
8204
8205
1315
8207
8208
8209
8210
8211
8212
8213
8214
8215
14486
8217
8218
8219
8220
8221
8222
8223
8224
8225
8226
8227
13441
8229
8230
8231
8232
8233
6957
8235
3601
8237
8238
8239
8240
8241
8242
8243
8244
8245
2713
8247
8248
8249
8250
8251
8252
8253
14893
8255
8256
8257
8258
8259
8260
8261
8262
8263
8264
2984
1066
8267
8268
8269
8270
8271
8272
8273
12137
6512
14327
8277
8278
8279
8280
6285
6068
8283
598
8285
8286
8287
8288
8289
8290
8291
8292
8293
8294
8425
8296
8461
8298
8299
8300
8301
8482
8303
8304
8305
4730
8307
8308
1141
8310
8311
8312
8313
7541
8315
8316
8317
9525
8319
3052
8321
8322
8323
5094
8325
8326
8327
8328
8329
8330
8331
4811
8333
8334
8335
8336
8337
8338
8339
8340
8341
8342
8343
8344
8345
6432
8347
8725
8349
8350
8351
8352
8353
8354
8355
13501
8357
8358
8359
8360
8361
8362
8363
8364
8365
8366
8367
3024
8369
2265
8371
8372
8373
8374
10231
8376
8377
5850
10557
13008
8381
8382
8383
8384
8385
8386
8387
2734
8389
8390
8391
8392
8393
2989
8395
8396
8397
8398
8399
12842
8401
8402
8090
8404
8405
8406
8407
11975
8409
8410
8411
247
8413
8414
8415
8416
8417
4671
8419
8420
8421
8422
8423
8424
8295
8426
8427
8428
8429
12302
8431
8432
8433
8434
8435
8436
8437
8438
5623
8440
8441
8442
8443
8444
10961
1989
8447
8448
8449
8450
8451
8452
8453
8454
8455
8456
8457
8458
8459
8460
8297
8462
8463
8464
8465
8466
8467
8468
8469
8470
8471
8472
8473
10633
4071
14852
3389
8478
8479
8480
7909
8302
8483
8484
8485
8486
5909
3969
8489
8490
8491
3685
8493
8494
9051
12323
8497
8498
8499
8500
8501
10370
8503
8504
8505
13603
8507
8508
8509
8510
8511
8512
8513
8514
8515
8516
9763
8518
8519
8520
8521
8522
8523
8524
7713
8526
8527
8528
8529
8530
8531
8532
8533
8534
5783
8536
10685
8538
8539
8540
8541
11858
8543
8544
8621
8546
225
8548
8549
8550
8551
8552
8553
8554
8555
8556
8557
8558
8559
8560
8563
8562
8561
8564
8565
8566
8567
8568
8569
8570
8571
8572
8573
8574
8575
8576
8577
8578
8579
8580
8581
8582
8583
8584
8585
8586
8587
8588
8625
8590
8591
8592
8593
8594
8595
2159
8597
8598
14537
12044
7181
8602
8603
8604
8605
4909
8607
8608
8609
8610
8611
8612
8613
13779
8236
8616
8617
8618
8619
8620
8545
10988
8623
8624
8589
8626
8627
3085
9860
8630
8631
8632
8633
8091
8635
8636
8637
8638
10959
8640
8641
8642
8643
8644
8645
8646
8647
14939
8649
10904
8651
8652
8653
8654
8655
8656
8657
4619
6813
8660
8661
5817
8663
8664
8665
8666
8667
8668
6870
8670
8671
8672
8673
8674
6437
8676
8677
2818
8679
8680
8681
8682
8683
11502
8685
8686
2631
8688
8689
8690
8691
8692
8693
8694
8695
8696
8697
9274
6501
8700
8701
4178
8703
8704
10484
8706
8707
8708
4978
8710
8711
3084
8713
8714
8715
7120
8717
10795
7803
895
8721
8722
13915
8724
8348
8726
8727
5157
8729
8730
8731
8732
4209
9227
12007
8736
8737
8738
8739
12113
8741
8742
8743
8744
8745
8746
4597
1514
8749
8750
8867
8752
8753
8754
8755
8756
10382
8758
3845
6808
8761
8762
8763
8764
8765
10587
8767
8768
8769
8770
8771
8772
8773
5678
8775
8776
8777
8778
8779
8780
8781
3066
8783
8784
8808
8786
8787
512
14354
8790
8791
8792
8793
8794
5972
8796
8797
8798
11775
8800
8801
8802
1206
8804
8805
8806
8807
8785
9995
8810
8811
8812
8813
8814
8815
8816
8817
8818
8819
7414
8821
9299
8823
8824
8122
8826
8827
8828
8829
8830
8831
8832
8833
8834
8639
8836
8837
8838
8839
1093
2269
2373
8843
8844
11448
12145
7597
8848
8849
11946
1248
8852
8853
8854
8855
9767
8857
7725
14034
8860
10785
8862
8863
8864
14783
8866
8751
8868
8869
8870
8871
8872
8873
2434
8875
8876
8877
8878
8879
8880
8881
8882
8883
8884
8885
8886
8887
8888
8889
8890
8891
8892
8893
8894
8895
8896
8897
8898
12729
8900
8901
8902
8903
8904
8905
10552
8907
8908
2562
8910
8911
8912
8913
11749
8915
8916
242
8918
8919
8920
2931
8922
8923
8924
3553
8926
8927
8928
8929
8930
8931
8932
9675
8934
8935
8936
8937
8938
8939
8940
8941
8942
9092
8944
8945
8946
8947
8948
8949
6090
6189
2444
8953
8954
8955
14811
8957
5719
8959
8960
8961
8962
8963
5367
8965
8966
8967
5137
8969
8970
8971
8972
8973
8974
8975
8976
8795
8978
8979
8980
8981
8982
8983
8984
14771
8986
8987
12869
8989
8990
13561
8992
8993
8994
8995
8996
3936
8998
8999
9000
9001
4199
9003
9004
13139
9006
9007
9008
9009
9010
9011
9012
9013
9014
9015
9016
9017
9018
9019
9020
9021
9022
9023
9100
9025
9026
9027
5564
9029
9030
236
9032
9033
9034
7967
9036
9037
9038
9039
9040
9041
9711
9043
9044
9045
9046
9047
9048
9049
79
8495
9052
9053
9054
9055
9056
9057
9058
5175
9060
9061
9062
9063
9064
9065
9066
9067
9068
9069
9070
9071
9072
13515
9074
9075
9076
1824
9031
9079
9080
9081
12677
9083
9084
9085
9086
9087
9088
9089
9090
9091
8943
9093
3619
9095
819
9097
9098
9099
9024
9101
9102
9103
10885
9105
9106
6835
9108
9109
9110
9111
9112
9113
9114
9115
9116
9117
9118
9119
9120
13800
9122
9123
9124
9125
9126
9127
9128
9129
9130
9131
9132
9133
9134
9135
9136
9137
12120
9139
9140
1344
9142
9143
9144
9145
9146
9147
9148
9149
9150
9151
2327
9153
9154
9155
9156
12725
9158
9159
9160
9161
9162
9163
9164
9165
9166
9167
9168
9169
9170
2365
9172
9173
9174
9175
9176
9177
9178
9179
9180
9181
9182
9183
9184
9185
9186
9187
9188
9189
9190
9191
9192
9193
9194
9195
5008
9197
9198
9199
9200
9201
9202
9203
7476
9205
5943
9207
9208
9209
9210
9211
7722
4757
1394
9215
9216
9217
9218
9219
9220
9221
9222
726
9224
9225
9226
8734
9228
9229
9230
9231
6933
9233
9234
537
9236
9237
9238
9239
9240
9241
9242
9243
9244
9245
9246
9247
9248
9249
9250
9251
9252
9253
9254
9255
9256
9257
9258
11393
9260
9261
9262
9263
14301
9265
9266
9267
9268
9269
10560
9271
13318
9273
8698
9275
9276
9277
9278
9279
9280
9281
4907
9283
9284
9285
9286
9287
9288
9289
9290
9291
9292
149
9294
9295
9296
9297
9298
8822
9300
9301
9302
410
9304
9305
9306
9307
9308
6940
11130
9311
9312
989
6454
9315
9316
9317
9318
9319
9320
9321
792
9323
9324
9325
4066
9327
9328
9329
9330
9331
14970
9333
9334
6775
6538
9337
9338
9339
9340
4612
9342
9343
9344
10858
4492
9347
9348
9349
9350
9351
9352
9353
9354
9355
9356
9357
9358
9359
12733
9361
9362
9363
9364
9365
9366
9367
9368
9369
9370
9371
9372
9373
9374
9375
9376
9377
9378
9379
9380
9381
11162
9383
13984
9385
9386
9387
9388
9389
9390
11276
9392
9393
9394
9395
9396
9397
4561
14241
2964
246
12845
9403
9404
9405
9406
9407
9408
9409
9410
14200
9412
9413
9414
9415
9416
9417
9418
9419
9420
12805
9422
9423
9424
9425
9426
7086
9428
9429
9430
9431
9432
9433
9434
9435
14832
9437
9438
9439
9440
9441
9706
9443
9444
9445
9446
9447
9448
9449
9450
9451
9452
9453
9454
1783
9456
9457
9458
9459
9460
9461
9462
9463
9464
9465
9466
4901
9468
9469
9470
9471
9472
9473
9474
9475
9476
4581
9478
9479
9480
12707
9482
9483
9484
9485
9486
9487
9488
9489
9490
9491
9492
9493
9494
9495
9496
9497
9498
9499
9500
9501
9502
9503
12175
9505
9506
9507
9508
9509
9510
3876
9512
9639
9514
14916
9516
9517
9518
9519
9520
9521
9522
9523
9524
8318
9526
9527
9528
9529
9530
9531
9532
9533
9534
9535
9536
9537
9538
9539
9540
9541
9542
9543
9544
9545
9546
9547
9548
3805
9550
9551
9552
9553
14049
9555
9556
5006
9558
9559
9560
12962
4700
9563
7650
9565
9566
9567
9568
9569
5331
9571
10228
9573
9574
9575
9576
6621
9578
9579
9580
9581
5436
9583
9584
325
9586
9587
9588
9589
9590
9591
9592
9593
9594
409
9596
9597
2769
1139
9600
9601
9602
9603
9604
2860
9606
6291
9608
9609
9610
9611
9612
9613
9614
9615
9616
9617
9618
14806
9620
9621
9622
9623
9624
9625
9626
3679
9628
9629
7970
9631
9632
9633
9634
9635
9636
2302
14510
9513
9640
9641
9642
9643
9644
9645
9646
7432
9648
9649
9650
9651
9652
13162
9654
9655
9656
9657
9658
385
9660
9661
9662
9663
9664
9665
9666
9667
9668
9669
9670
9671
9672
9673
9674
11251
9676
9677
9678
9679
10502
9681
9682
9683
9684
9685
9686
9687
3161
9689
9690
9691
9692
9693
1499
9695
9696
9697
9698
9699
9700
9701
4050
461
9704
9705
9442
9707
9708
9709
2670
9042
9712
9713
9714
9715
9716
9717
12423
9719
9720
9721
9722
9723
10532
9725
9726
9727
9728
9729
2463
9731
9732
9733
9734
9735
2673
9737
9738
9739
9740
9741
9742
9743
9744
9745
9746
4337
9748
9749
9750
3148
9752
9753
9754
9755
8282
9757
3431
9759
9760
9761
9762
8517
4555
9765
9766
8856
9768
9769
9770
9771
9772
9773
9774
9775
2813
9777
14451
1945
6306
9781
9782
9783
9784
9785
9786
9787
9788
14010
9790
9791
9792
9793
9794
338
9796
9797
9798
9799
9800
9801
9802
9803
9804
9805
9806
5014
9808
9809
9810
9811
9812
9813
9814
9815
9816
9817
9818
9819
9820
13430
8265
9823
9824
9825
9826
9827
9828
9829
9830
9831
9595
9833
10992
9835
9836
9837
9838
9839
9840
9841
14656
9843
1632
9845
1576
9847
9848
9849
9850
9851
9852
9853
9854
9855
9856
9857
9858
9859
8629
9861
9862
9863
9864
9865
9866
9867
9868
9869
8040
9871
9872
13528
9874
9875
10043
9877
9878
9879
9880
9881
9882
9883
9884
9885
9886
9887
9888
9889
9890
9891
9892
7821
9894
9895
9896
9897
9898
9899
7537
9901
9902
10637
9904
14659
9906
9907
9908
1439
9910
9911
9912
9913
9914
9915
9916
9917
9918
9919
9920
13235
9922
9923
9924
9925
9926
9927
9928
9929
9930
9931
9932
9933
8097
3386
9936
9937
9938
9939
9940
9941
9942
9943
9944
9945
9946
9947
9948
9949
9950
9951
9952
9953
7688
9955
9956
5079
9958
9959
9960
9961
9962
9963
9964
9965
9966
9967
9968
9969
14966
9971
9972
9973
9974
10527
9976
9977
9978
9979
9980
9981
9982
6542
9984
4305
9986
9987
9988
9989
9990
9991
9992
2883
9994
8809
9996
11620
7140
9999
10000
10001
10002
10003
10004
10005
10006
10007
7019
10009
10010
10011
12288
10013
10014
10015
10016
10017
10018
10019
10020
10021
10022
10023
10024
10025
13834
10027
10028
10029
12713
10031
12910
12330
10034
10035
13576
10037
10038
10039
10040
10041
13020
9876
10044
10045
13260
10047
10048
10049
4309
10051
10052
10053
10054
880
10056
10057
10058
10059
10060
10061
10062
10063
10064
10065
10066
10067
10503
10069
10070
10071
10072
10073
10074
10075
10076
10077
10078
10079
10080
10081
10841
10083
10681
10085
10086
10087
10088
10089
10090
10091
10092
10093
10094
10095
10096
10097
10098
10099
10100
10101
10102
10103
10104
10105
10106
10261
10108
10109
13504
10162
7445
10113
10114
10115
906
10117
10118
10119
10120
10121
10122
14667
6546
10518
3315
10127
10128
4883
10130
10131
10132
11127
10134
10135
10136
10137
10138
3894
10140
10141
10142
10143
14206
10145
10146
10147
10148
10149
10150
10151
14174
10153
10154
10155
10156
1680
10158
10159
10160
10161
10111
10163
10164
10165
10166
10167
10168
10169
10170
10171
10172
763
10174
10175
10176
10177
10178
10179
3763
10181
437
10183
10184
10185
10186
10187
10188
6186
10190
10191
10192
1884
10194
10195
10196
10197
10198
10199
10200
10201
10202
10203
10204
10205
10206
10207
10208
10209
10210
10211
10212
10213
10214
10215
10216
6360
10218
10219
10220
10221
10222
10223
10224
10225
10226
10227
9572
10229
10230
6446
10232
10233
6861
13267
10236
10237
10238
10239
10240
10241
10242
10243
10244
2094
10246
10247
10248
10249
10250
10251
4423
10253
10254
11631
10256
1203
5845
10259
10260
10107
4859
10263
10264
10265
10266
10267
6948
10269
10270
10271
10272
10273
10274
10275
10276
10277
10278
10279
10280
10281
10282
10283
10284
10285
6473
10287
10288
10289
10290
10291
10292
10293
10294
10295
10296
637
10298
10299
10300
10301
10302
10303
9332
10305
10306
10307
10308
10309
10310
2609
10312
10313
10314
10315
10316
10317
10318
10319
10320
10321
10322
10323
10324
12251
5159
10327
10328
10329
10330
10331
10332
10333
10334
10335
10336
10337
10338
13788
10340
10341
10342
10343
13413
10345
9653
10347
10348
10349
10350
10351
10352
10353
10354
10355
10356
10357
5197
10359
10360
10361
10362
4913
10364
4927
10366
10367
10368
10369
8502
10371
10372
10373
10374
10375
10376
10377
1785
10379
10380
10381
8757
10383
10384
10385
10386
10387
10388
10389
10390
1857
10392
10393
10394
2460
10396
10397
1037
10399
10400
10401
10402
10403
10404
10405
12779
10407
10408
10409
5124
12930
10412
10413
10414
13463
10416
10417
10418
10419
10420
10421
10422
6561
10424
10425
10426
10427
10428
10429
10430
10431
10432
10433
10434
4960
10436
10437
10438
3703
10440
133
11995
13250
10444
10445
10446
10447
10448
10449
10450
10451
10452
10453
10454
10455
10456
10457
10458
10459
464
10461
10462
10463
6328
2308
5448
10467
10468
10469
1973
10471
10472
10473
10474
10475
10476
10477
10478
10479
10480
10481
10482
10483
8705
10485
10486
10487
10488
10489
10490
10491
10492
10493
10494
10495
10496
10497
10498
10499
10500
10501
9680
10068
10504
10505
10506
10507
10508
10509
10510
10511
10512
10513
10514
10515
10516
10517
10125
10519
1196
10521
10522
10523
10524
10525
10526
5500
10528
1022
10530
10531
9724
4806
10534
10535
10536
10583
10538
10539
10540
10541
6168
10543
10544
10545
10546
9998
10548
10846
10550
10551
8906
10553
10554
4637
10556
8379
10558
10559
9270
10561
10562
6242
10564
10565
10566
10567
10790
10569
10570
10571
10572
10573
10574
1320
4099
10577
10578
10579
10580
10581
10582
10537
10584
10585
11616
8766
14672
10589
10590
10591
10592
10593
10594
10595
487
10597
13529
10599
10600
10601
10602
10603
10604
10605
10606
10607
10608
10609
10610
10611
10612
10613
10614
13912
10616
10617
10618
8036
10620
10621
10622
10623
10624
10625
10626
1736
3530
10629
10630
10631
10632
8474
10634
10635
10636
13578
10638
10639
10640
11602
10642
10643
10644
10645
10646
10647
10648
10649
10650
10651
10652
10653
10654
10655
10656
10657
10658
10659
4265
10661
10662
7028
10664
10665
10666
13226
10668
10669
10670
10671
10672
10673
10674
10675
13543
10677
10678
10679
10680
10084
4599
10683
10684
8537
10686
14888
10688
10689
10690
10691
10692
10693
10694
10695
10696
10697
10698
5901
10700
431
10702
10703
10704
10705
10706
10707
10708
10709
10710
10711
13486
10713
10714
10715
1560
10717
10718
10719
12760
12209
10722
11572
10724
10725
10726
10727
10728
10729
10730
10731
10732
10733
10734
10735
10736
10737
10738
10739
528
10741
10742
10743
10744
10745
10746
10747
10748
10749
10750
10751
10752
13892
10754
10755
10756
5583
10758
10759
10760
10761
10762
10763
10764
12517
1062
10767
10768
10769
442
10771
10772
10773
3739
3674
10776
10777
10778
10779
10780
10781
10782
10783
10784
8861
10786
10787
10788
1633
10568
10791
10792
10793
10794
8718
10796
10797
10798
10799
10800
10801
10802
13297
10804
10805
10806
14078
10808
10809
10810
10811
10812
14141
10814
10815
1342
10817
10818
10819
10820
10821
10822
10823
10824
10825
10826
6689
10828
10829
10830
10831
10832
10833
10834
10835
10836
10837
10838
10839
10840
14309
10842
10843
10844
10845
10549
14547
7012
10849
10850
10851
10852
10853
10854
10855
14269
10857
9345
10859
10860
3806
10862
10863
10864
10865
10866
5246
10868
10869
10870
10871
10872
10873
10874
10875
10876
10877
10878
897
10880
10881
10882
10883
6859
9104
10886
11503
10888
10889
10890
1389
10892
10893
561
10895
7951
10897
10898
13687
10900
10901
10902
10903
8650
10905
10906
10907
4527
10909
10910
10911
10912
10913
10914
10915
10916
10917
10918
10919
10920
10921
10922
3308
1442
10925
10926
10927
10928
10929
10930
10931
10932
5773
10934
10891
10936
444
10938
10939
10940
10941
10942
10943
10944
10945
10946
10947
10948
10949
10950
10951
10952
10953
10954
10955
10956
10957
10958
8835
10960
8445
10962
10963
1549
10965
10966
5126
10968
10969
10970
10971
10972
12636
10974
10975
10976
10977
10978
10979
10980
10981
10982
10983
10984
10985
10986
5293
8622
10989
7116
7683
9834
10993
10994
10995
10996
10997
10998
10999
11000
11001
5946
11003
11004
7341
11006
11007
11008
11009
11010
11011
11012
2352
11014
14859
11016
11017
11018
4590
9789
11021
11022
11023
7558
11025
426
11027
11028
11029
11030
11031
11032
11033
11034
11035
11036
11037
11038
11039
11040
9282
11042
11043
11044
11045
11046
11047
11048
11049
11050
2919
11052
11053
11054
11055
11056
11057
11058
11059
11060
11061
11062
11063
11064
11065
11066
11067
11068
11069
11070
11071
11072
11073
11074
11075
11076
11077
11078
11079
14677
11081
11082
11083
11084
11085
11086
11087
11088
11089
11090
725
11092
11093
11094
11095
11096
12958
11098
11099
11100
11101
11102
11103
11104
11105
11106
11107
11108
11109
11110
11111
11112
8094
11114
13482
11116
11117
11118
11119
11120
11121
7534
11123
2648
11125
11126
10133
11128
11129
9310
11131
11132
5899
11134
11135
11136
2255
11138
3051
11140
11141
11142
11143
3586
11145
11146
11147
11148
11149
11150
11151
11152
11153
11154
11155
11156
11157
11158
11159
11160
11161
9382
11163
11164
11165
2476
11167
7956
11169
11170
11171
11172
12763
11174
11175
13143
11177
11178
11179
2014
11181
11879
6737
11184
11185
11186
11187
11188
11189
11190
2529
11192
11193
11194
11195
11196
11197
11198
1865
11200
11201
11202
11203
12556
11205
9313
3812
11208
11209
11210
11211
8874
11213
11214
11215
11216
11217
11218
11219
11220
11221
11222
11223
11224
11225
11226
11227
11228
11229
11230
970
11232
11233
11234
11235
11236
11237
11238
11239
1198
11241
6142
11243
11244
7349
11246
11247
4558
8430
11695
8933
11252
11253
11254
11255
11256
11257
568
11259
12676
11261
11262
11263
11264
11265
11266
11267
120
1858
11270
11271
11272
11273
11274
11275
13639
11277
11278
6290
11280
11281
11282
11283
11284
11285
11286
11287
11288
5592
11617
11291
11292
4946
7937
11295
11296
11297
11298
11299
10378
11301
11302
3575
11304
11305
11306
11307
11308
11309
13568
11311
11312
11313
11314
11315
11316
11317
11318
11319
8000
11321
11322
11323
11324
3750
8748
11327
11328
11329
11330
11331
7790
11333
11334
11335
11336
11337
11338
11339
5408
11341
11342
11343
11344
11345
11346
11347
11348
11349
11350
3797
11352
11353
11354
11355
11356
11357
11358
11359
11360
11361
11362
11363
11364
6192
11366
11367
11368
11369
11370
11371
11372
11373
3874
11375
4675
11377
11378
11379
11380
11381
11382
11383
11384
11385
11386
11387
11388
11389
749
11391
11392
9259
12359
11395
11396
11397
11398
11399
11400
1021
11402
11403
11404
11405
11406
11407
11408
11409
11410
11411
11412
11413
11414
11415
6006
11417
11418
33
11420
11421
11422
11423
11424
11425
11426
11427
11510
11429
11430
11431
13885
11433
11434
11435
11436
11437
11438
11439
11440
1005
635
6197
11444
11445
11446
11447
8845
11449
11450
11451
11452
11453
11454
11455
11456
11457
11458
11459
11460
11461
11462
11463
11464
11465
11466
12814
11468
11469
11470
11471
11472
11473
11474
11475
14940
11477
11478
11479
11480
11481
11482
11483
11484
4732
11486
3040
11488
11881
11490
11491
11492
11493
12465
11495
11496
11497
1364
11499
11500
11501
8684
10887
11504
11505
14590
11507
11508
11509
11428
11511
1667
14995
11514
11515
11516
11517
11518
11519
11520
11521
11522
7105
11524
11525
12551
11527
11528
11529
11530
11531
11532
11533
11534
11535
11536
11537
14136
11539
11540
11541
11542
11543
11544
11545
4061
11547
11548
11549
6885
11551
11552
11553
1266
11555
11556
11557
11558
11559
7682
11561
11124
11563
12662
11565
11566
11567
11568
1047
11570
11571
10723
11573
11574
13540
11576
11577
11578
11579
11580
11581
11582
11583
11584
11585
11586
11587
11588
11589
13721
11591
11592
11593
11594
4183
11596
11597
9326
11599
11600
11601
341
11603
11604
11605
11606
11607
4211
11609
11610
11611
11612
11613
314
11615
10586
11290
11618
11619
4627
11621
11622
11623
11624
11625
11626
11627
2719
3497
11630
10255
11632
11633
11634
11635
11724
11637
11638
11639
11640
11641
11642
11643
11644
11645
11646
11647
11648
11649
11650
11651
6898
11653
11654
11655
11656
11657
5021
11659
11660
11661
1091
11663
11664
11665
11666
11667
11668
11669
11670
11671
5537
11673
11674
2043
11676
11677
11678
11679
11680
11681
11682
11683
11684
11905
11686
11687
11688
11689
11690
11691
11692
11693
11694
11250
11696
12562
11698
11699
11700
11701
11702
11703
11704
11705
11706
11707
11708
11709
2899
11711
7580
11713
11714
11715
11716
11717
11718
11719
11720
11721
11722
11723
11636
11725
11726
11727
11728
11729
8841
11731
11732
11733
11950
11735
2594
11737
11738
5291
11740
10033
11742
11743
11744
11745
11746
11747
11748
8914
11750
11751
11752
11753
11754
11755
14825
11757
11758
11759
11760
11761
11762
11763
11764
13031
11766
11767
11768
11769
11770
11771
208
11773
11774
8799
11776
11777
11778
11779
11780
2105
5287
11783
11784
11785
11786
14813
11788
11789
4667
11791
11792
11793
11794
11795
11796
11797
5963
1114
11800
11801
11802
11803
8274
11805
11806
11807
11808
11809
11810
11811
11812
11813
1631
11815
1259
11817
11818
11819
11820
11821
11822
11823
11824
11825
11826
11827
11828
11829
11830
11831
11832
11833
6151
11835
11836
11837
11838
11839
11840
11841
11842
11843
8977
11845
12892
11847
11848
11849
11850
11851
11852
12248
11854
1157
11856
11857
8542
11859
11860
9515
11862
11863
12669
11865
11866
14091
11868
5393
11870
11871
11872
11873
11874
11875
11876
11877
11878
11182
14799
11489
11882
11883
11884
11885
11886
11887
3104
4842
11890
11891
11892
11893
11894
2369
11896
11897
11898
11899
11900
11901
14187
5327
11904
11685
8050
5894
11908
11909
11910
9718
11912
11913
11914
11915
6123
11917
11918
11919
11920
14384
11922
11923
11924
11925
11926
11927
11928
11929
11930
11931
11932
11933
11934
11935
11936
11937
11938
11939
11940
11941
11942
11943
11944
11945
8850
11947
11948
11949
11734
11951
13471
11953
11954
11955
13055
3018
11958
11959
11960
11961
11962
11963
11964
11965
11966
11967
11968
11969
11970
14987
11972
11973
11974
8408
11976
11977
11978
11979
11980
4495
11982
11983
11984
11985
11986
11987
4149
11989
11990
11991
11992
11993
11994
2666
1426
11997
11998
1337
6435
12001
12002
12003
12004
7040
12006
8735
12008
12009
12010
12011
12012
12013
12014
12015
12016
12017
12018
13136
12020
12021
12022
12023
12024
12025
12026
12027
12028
12029
1825
12031
12032
12033
1515
12035
12036
12037
12038
12039
12040
11133
12042
12043
10766
12045
12046
797
8171
12049
12050
12446
12052
12053
12054
12055
12056
12057
12058
12059
724
12061
11799
5788
12064
12065
12066
12067
12068
12069
12070
12071
12072
12073
2667
12075
12076
12077
12078
12079
12080
12081
12082
12083
12084
12085
12086
12087
12088
12089
12090
12091
12092
12093
12094
1053
12096
14058
12098
12099
12100
12101
12102
12103
12104
12105
12106
9870
7904
12109
12110
12111
12112
5599
12114
12115
12116
12117
12965
12119
9138
12121
12122
743
12124
12125
12126
12127
12128
3238
12130
12131
12132
8172
7571
12135
12136
823
8709
12139
14184
12141
11180
12143
12144
8846
12146
12147
12148
12149
12150
12151
2153
12153
12154
6947
12156
12157
12158
12159
12160
12161
10924
13850
12164
12165
12166
6507
12168
12169
25
12171
12172
6359
12174
9504
12176
12177
12178
12179
12180
266
12182
12183
12184
12185
12186
12187
12188
12189
4849
12191
12192
12193
12194
12195
12196
12197
12198
6645
9121
12201
12202
12203
12204
7762
12206
12207
12208
10721
12210
1314
12212
12213
12214
12215
12216
12217
12218
12219
12220
12221
12222
12223
12224
12225
12226
12227
12228
12229
12230
12231
12232
12233
12234
4462
5172
12237
12238
12239
12240
12241
14398
12243
3102
7161
12246
12247
11853
12249
12250
10325
12252
12253
12254
12255
12256
12257
12258
8199
12260
9398
12262
12263
12264
12265
12266
12267
12268
789
12270
12271
12272
12273
12274
12275
12276
12277
12278
12279
12280
12281
12282
12283
12284
5116
12286
12287
14290
12289
12290
12291
12292
12293
12294
12295
13082
12297
6
12299
5476
12301
11249
7607
12304
12305
6769
12307
12308
12309
12310
12311
12312
9957
12314
14364
12316
12317
12846
12319
12320
12321
12322
8496
12324
12325
12326
12327
12328
12329
11741
12331
12332
12333
12334
6210
7469
12337
12338
12339
12340
12341
12342
12343
13109
12345
12346
2564
12348
12349
6597
12351
12352
12353
12354
12355
12356
12357
12358
11394
12360
12361
12362
12363
12364
12365
12366
2306
1283
12369
12370
12371
12977
12373
12374
12375
12376
7992
12378
12379
12380
12381
12382
7651
12384
12385
12386
12387
13958
12389
12390
12391
12392
12393
12394
12395
7649
12397
12398
12399
12400
12401
12402
12403
12404
12405
12406
12407
12408
12409
12410
12411
12412
1999
12414
12415
12416
12417
12418
10716
12420
12421
12422
11911
12424
12425
12426
12427
12428
3423
12430
12431
12432
14685
12434
12435
8087
12437
12438
12439
12440
12441
12442
12443
12444
12445
12051
12447
12448
12449
12450
12451
12452
700
12454
12455
12456
7955
12458
12459
3331
12461
14807
12463
12464
11494
12466
12467
12468
12469
12470
12471
12472
12473
12474
12475
12476
12477
12478
12479
12480
12481
12482
12483
12484
12485
12486
12487
12488
13436
12490
12491
2760
12493
12494
12495
12496
12497
12498
12499
12500
12501
12502
12503
12504
12505
12506
12507
12508
12509
12510
12511
12512
12513
12514
12515
12516
10765
13216
12519
12520
12521
12522
12523
12524
12525
12526
12527
12528
12529
12530
3208
12532
12533
12534
12535
12536
12537
12538
12539
1524
12541
12542
12543
12544
12545
3295
4787
3178
12549
12550
11526
12552
5193
12554
12555
11204
88
12558
12559
12560
12561
1366
12563
12564
12565
1881
12567
12568
12569
12570
12571
12572
12573
12574
12575
12576
12577
1379
12579
12580
3749
12582
12583
12584
12585
12586
12587
12588
12589
12590
12591
12592
12593
12594
12595
12596
12597
3726
12599
12600
2342
2065
12603
12604
12605
12606
12607
12608
12609
7238
12611
12612
12613
12614
7655
12616
12617
12618
3624
12620
12621
12622
12623
12624
12625
12626
12627
6595
12629
12630
12631
12632
12633
12634
12635
10973
8950
12638
12639
12640
1033
12642
12643
12644
12645
12646
12647
12648
12649
12650
12651
12652
12653
12654
12655
6570
12657
12658
12659
12660
12661
11564
12663
12664
12665
12666
12667
12668
11864
12670
12671
12672
12673
12674
12675
11260
9082
12678
12679
12680
12681
12682
1084
12684
12685
12686
12687
12688
12689
12690
2232
12692
12693
12694
12695
12696
12697
12698
12699
12700
12701
12702
12703
12704
12705
12706
9993
12708
12709
12710
14394
12712
10030
12714
12715
731
12717
12718
12719
12720
12721
12722
12723
12724
8059
2574
12727
12728
8899
12730
12731
12732
9360
2996
12735
12736
12737
12738
12739
12740
12741
12742
12743
12744
12745
12746
13849
12748
12749
12750
12751
12752
12753
12754
12755
12756
12757
12758
12759
10720
3988
12762
8163
12764
12765
3984
12767
10964
12769
12770
12771
12772
12773
12774
12775
12776
12777
13175
916
12780
12781
12782
12783
12784
12785
12786
12787
12788
12789
12790
12791
12792
12793
12794
12795
12796
12797
12798
12799
12800
12801
12802
12803
12804
9421
650
12807
12808
12809
12810
12811
12812
12813
11467
12815
12816
12817
448
12819
12820
12821
12822
12823
12824
7218
12826
12827
12828
12829
12830
12831
12832
12833
12834
12835
12836
12837
12838
12839
12840
12841
12628
12843
12844
1702
12318
12847
12848
12849
12850
548
12852
12853
12854
12855
12856
12857
12858
6002
12860
12861
12862
12863
12864
89
12866
12867
12868
8988
6958
12871
2946
8216
12874
12875
3512
12877
12878
12879
12880
7463
12882
12883
12884
12885
12886
12887
12888
5174
12890
12891
11846
5206
12894
12895
12896
12897
12898
12899
12900
12901
12902
12903
12904
12905
10152
12907
12908
12909
14217
12911
12912
12913
12914
12915
12916
12917
373
12919
12920
12921
12922
2452
9985
12925
12926
12927
12928
12929
10411
12931
12932
12933
12934
14778
12936
49
12938
12939
12940
12941
12942
12943
12944
12945
12946
12947
12948
12949
12950
12951
12952
12953
12954
12955
12956
12957
11097
12959
12960
12961
9561
12963
12964
12118
12966
12967
6969
12969
12970
12971
12972
12973
12974
12975
12976
12372
12978
12979
12980
12981
1018
12983
8535
13335
12986
12987
4985
12989
12990
12546
5149
12993
12994
4903
2992
12997
12998
12999
13000
13001
13002
13003
13004
13005
13006
13007
8380
13009
13010
6756
1834
13013
13014
13015
13016
3390
13018
13019
10042
13021
13022
13023
13024
14491
13026
13027
13028
13029
7279
11765
13032
13033
13034
13035
13036
13037
13038
13039
13040
13041
13042
7065
13044
13045
13046
13047
13048
13049
13050
13051
13052
13053
12244
555
13056
13057
3672
13059
13060
13061
13062
13063
13064
13065
13066
13067
13068
13069
10896
13071
13072
13073
13074
13075
13076
13077
13078
13079
11258
13081
12296
1654
13084
13085
13086
13087
13088
13089
13090
13091
13092
14494
13094
13095
13096
13097
13098
6020
13100
13101
13102
13103
13104
13105
13106
8378
13108
12344
13110
13111
13112
13113
13114
9402
13116
13117
13118
4914
13120
13121
13122
13123
13124
13125
13126
13127
13128
13129
13130
13131
13132
13133
13134
13135
12019
3064
13138
9005
13140
13141
6533
11176
3771
13145
13146
13147
13148
13149
13150
13151
13152
13153
13154
13155
13156
13157
11326
6244
13160
14650
10346
13163
14524
13165
13166
13167
13168
13169
13170
13171
2433
13173
13174
12778
13176
4122
13178
13179
7164
13181
2267
13183
1272
12047
13487
13187
13188
13189
13190
13191
1962
13193
13194
13195
13196
13197
13198
14549
13200
13201
13202
14275
4617
13205
13206
13207
13208
13209
13210
13211
13212
13213
13214
13215
12518
13217
13218
13219
14924
13221
13222
13223
13224
13225
10667
13227
13228
13229
13230
674
13232
13233
13234
9921
13236
4413
13238
7276
13240
13241
13242
13243
13244
13245
7717
13247
13248
13249
213
13251
86
13253
13254
13255
13256
13257
13258
13259
10046
13261
13262
13263
13264
13265
14198
6043
13268
13269
13270
13271
13272
13273
11512
13275
13276
13277
13278
13279
13280
13281
13282
13283
13284
13285
13286
13287
13288
13289
13372
13291
13292
4624
13294
13295
13296
10803
13298
13299
5970
13301
13302
13303
13304
13305
13306
13307
13308
13309
13310
13311
13312
5526
7166
13315
14810
13317
9272
13319
13320
13321
184
13323
13808
13325
13326
13327
13328
13329
13831
13331
13332
13333
13334
12985
13336
13337
13338
13339
13340
13341
4735
13343
13344
13345
13346
13347
13348
13349
13350
13351
13352
13353
13354
13355
13356
13357
13358
13359
13360
13361
13362
13363
13364
13365
13366
4060
13368
13369
13370
13371
13290
13373
13374
13375
13376
13377
13378
13379
13380
4641
13382
13383
13384
13385
14834
13387
13388
13389
13390
13391
13392
13043
13394
13395
13396
1000
13398
3705
13400
13401
13402
13403
13404
13405
13406
13407
6731
13409
13410
13411
3037
10344
13414
13415
13416
13417
13418
13419
13420
13421
13422
13423
13424
5612
13426
13427
13428
13429
9821
13431
13432
13433
13434
13435
12489
13437
13438
13439
1601
8228
13442
13443
788
6086
13446
14952
13448
13449
1956
13451
13452
13453
13454
13455
11139
13457
13458
13459
13460
13461
13462
10415
13464
13465
13466
13467
13468
13469
13470
11952
13472
13473
13474
13475
13476
13477
13478
13479
13480
5595
11115
13483
13484
13485
6253
13186
4792
13489
13490
13491
13492
13493
13494
13814
13496
13497
5234
13499
13500
8356
13502
13503
5589
13505
9206
13507
3365
5935
5074
13511
13512
13513
13514
9073
13516
13517
1178
13519
13520
13521
13522
482
1898
13525
418
13527
9873
10598
13530
13531
13804
13533
13534
13535
13536
13537
13538
13539
11575
13541
13542
10676
13544
13545
13546
13547
13548
13549
13550
13551
13552
13553
13752
13555
13556
13557
13558
13559
13560
8991
5978
13563
13564
13565
13566
13567
11310
13569
13570
13571
13572
13573
13574
13575
7300
13577
9903
13579
13580
13581
13582
13583
13584
13585
13586
13587
13588
14422
13590
13591
13592
13593
4702
13595
13596
1375
13598
3913
13600
13601
13602
8506
13604
4891
13606
13607
13608
13609
13610
13611
13612
13613
13614
13615
7759
13617
13618
13619
13620
13621
13622
6836
13624
13625
13626
13627
13628
4874
13630
13631
13632
13633
13634
13635
13636
13637
13638
9391
13640
13641
13642
13643
13644
13645
13646
13647
13648
13649
13650
13651
13652
13653
13654
13655
13656
13657
4068
13659
8112
13661
13662
13663
13664
13732
13666
13667
13668
13669
13670
13671
13672
11320
13674
7806
13676
13677
13678
13679
13680
13681
6602
13683
13684
7232
13686
10899
13688
13689
13690
13691
13692
13693
717
13695
13696
13697
13698
13699
13700
13701
13702
13703
142
13705
820
13707
13708
5739
5106
13711
13712
13713
13714
13715
7668
13717
13718
13719
13720
11590
6464
13723
13724
13725
13726
13727
13728
13729
13730
13757
13665
13733
13734
13735
13736
13737
13738
13739
13740
13741
13742
13743
13744
13745
13746
13747
13748
13749
13750
13751
13554
13753
13754
3591
13756
13731
13758
13759
13760
13761
13762
13763
13764
13765
13766
13767
13768
13769
13770
13771
13772
13773
13774
13775
13776
3680
13778
8614
13780
13781
13782
13783
13784
13785
13786
13787
10339
13789
13790
13791
13792
13793
13794
13795
13796
13797
13798
13799
12200
13801
299
13803
13532
13805
13806
14704
13324
13809
13810
13811
13812
13813
13495
13172
13816
13817
13818
13819
13820
13821
13822
6070
13824
13825
5621
13827
13828
13829
13830
13330
13832
13833
10026
3681
13836
13837
13838
13839
13840
13841
13842
13843
13844
489
13846
13847
13848
12747
12163
13851
13852
13853
13854
13855
13856
13857
13858
13859
13860
13861
13862
10813
13864
13865
13866
13867
13868
13869
13870
13871
13872
13185
13874
6664
13876
13877
13878
13879
13880
13881
13882
13883
13884
3257
13886
13887
13888
13889
7535
13891
5543
13893
13894
14027
9934
13897
13898
13899
13900
13901
13902
13903
13904
6905
3004
13907
13908
13909
13910
12540
10615
13913
13914
8723
13916
13917
13918
13919
13920
13921
13922
13923
13924
13925
3142
13927
13928
13929
13930
13931
13932
13933
13934
13935
13936
13937
13938
13939
13940
13941
13942
13943
13944
4797
13946
13947
4140
13949
13950
13951
13952
13953
13954
13955
13956
13957
5358
13959
13960
13961
13962
13963
13964
2906
13966
13967
13968
7298
13970
13971
13972
13973
13974
13975
13976
2556
13978
13979
13980
13981
13982
13983
9384
13985
13986
13987
13988
13989
13990
13991
13992
13993
4551
13995
13996
13997
13998
13999
14000
5498
14002
14003
14004
14005
14006
14007
14008
14009
11020
14011
14012
14013
14014
14015
14016
4984
14018
14019
14020
14021
14022
14023
14024
14025
14026
13895
14028
14029
7503
14031
14032
14033
8859
14035
7726
14037
14038
14039
14040
7724
14042
14043
14044
14045
14046
14047
14048
9554
6494
14051
2599
14053
14054
14055
14056
14057
12097
4432
14060
3604
14062
6458
14064
14065
14066
14067
14068
14069
14070
14071
14072
14073
14074
5513
14076
14077
10807
14079
14017
14081
14082
14083
14084
14085
14086
14087
14088
14089
14090
11867
14092
14093
14094
14095
14096
14097
14098
14099
14100
14101
14102
14103
14104
14105
14106
14107
14108
14109
14110
14111
2640
14113
14114
14115
14116
14117
1276
14119
14120
14121
14122
189
14124
14125
14126
14127
14128
14129
14130
14131
14132
14133
14134
14135
11538
14137
14138
14139
14140
13863
14142
14143
14144
14145
8909
14147
14148
7085
14150
14151
14152
13142
14154
14155
14156
2080
14158
14159
14160
14161
7156
14163
14164
14165
14166
14167
14168
14169
14170
14171
14172
14173
12906
3435
14176
14177
14178
2876
14180
14181
14182
14183
12140
1229
14186
11902
14188
14189
14190
14191
14192
14193
14194
14195
14196
14197
13266
14199
9411
14201
6717
14203
14204
14205
6554
14207
14208
14209
14210
14211
1334
856
14214
14215
14216
10032
14218
14219
14220
14221
5966
14223
14224
14225
14226
14227
14228
8148
14230
14231
14232
14233
14234
14235
14236
62
14238
14239
14240
9399
14242
14243
14244
14245
14246
14247
14248
14249
14250
14251
14252
14253
14254
14255
14256
14257
14258
14259
14260
14261
14262
14263
14264
14265
14266
14267
12199
378
14270
14271
7766
14273
14274
13203
14276
14277
14278
195
14280
14281
14282
14283
14284
14285
6484
14287
14288
14289
10012
14291
14292
14293
14294
14295
14296
14297
14298
14299
14300
9264
14302
14303
14304
14707
14306
14307
3578
10082
14310
14311
14312
14313
6100
14315
14975
14317
14318
14319
14320
14321
14322
14323
14324
14325
14326
8276
14328
14329
14330
14331
14332
14333
14334
14335
14336
14337
14338
5300
14340
14341
14342
14343
14344
14345
13445
14347
14348
14349
14350
14351
14352
3455
8789
4954
14356
14357
14358
14359
14360
14361
14362
14363
12315
14365
14366
14367
14368
4062
6523
14371
14372
14373
14374
14375
14376
14377
14378
14379
14380
14381
14382
14383
11921
14385
14386
14387
14388
14389
14390
1521
14392
14393
12711
14395
14396
1610
12242
6052
14400
14401
14402
14403
14404
14405
7600
14407
14408
14409
14410
14411
4761
14413
14414
14415
14416
14417
14418
14419
14420
14421
13589
14423
14424
14425
14426
14427
10304
14429
14430
14431
14432
14433
14434
14435
14436
14437
14438
14439
14440
14441
14442
14443
5037
14445
14446
14447
14448
14449
14450
9778
14452
14453
14454
14455
14456
14457
14458
7808
14460
14461
14462
14463
14464
14465
14466
14467
14468
14469
14470
5169
5361
5535
14474
14475
14476
14477
2884
14479
14480
14481
14482
14483
14484
14485
12873
3384
14488
14489
14490
2430
14492
14493
13093
14495
14496
14497
14498
14499
14500
14501
267
14503
14504
14612
14506
14507
14508
14509
9638
14511
14512
14513
14514
13119
14516
14517
14518
14519
13710
14521
14522
14523
13164
14525
14526
14527
14528
14529
14530
14531
7672
14533
14534
14535
14536
8599
14538
14539
1365
14541
14542
14543
14544
14545
14546
10847
14548
13199
14550
14551
14552
14553
14554
14555
14556
14557
14558
14559
14560
14561
14562
14563
14564
14565
14566
14567
14568
14569
14570
634
14572
14573
14574
14575
14576
6588
14578
14579
14580
14581
14582
14583
14584
14585
14586
14587
14588
14589
11506
14591
3811
14593
14594
14595
14596
3413
14598
14599
14855
14601
14602
14603
14604
14605
14606
2962
14608
14609
14610
14611
14505
14613
14614
14615
14616
14617
14618
14619
14620
14621
14622
14623
14624
14625
14626
14627
14628
14629
14630
14631
1220
14633
14634
14635
14636
14637
14638
14639
14640
14641
14642
14643
14644
14645
14646
14647
14648
14649
13161
14651
14652
6240
14654
14655
9842
14657
14658
9905
14660
14661
14662
14663
14664
14665
14694
10123
5473
14669
14670
1209
10588
14673
14674
14675
14676
11080
7729
14679
8254
14681
14682
10547
14684
12433
14686
14687
14688
14689
14690
14691
14692
14693
14666
14695
14696
14697
14698
14699
2830
14701
14702
14703
13807
14705
14706
14305
14708
14709
10268
346
14712
14713
14714
14715
14716
1425
14718
14719
14720
14721
14722
14723
3408
14725
14726
14727
14728
14729
14730
2904
14732
10520
14734
14735
14736
14737
14738
14739
14740
14741
14742
14743
14744
14745
14746
14747
14748
14749
14750
14751
14752
14753
14754
14755
14756
14757
14758
752
2382
14761
14762
7631
11268
14765
14766
14767
14768
14769
14770
8985
14772
6780
14774
1083
14776
14777
12935
14779
14780
6820
14782
8865
14784
14785
14786
14787
14788
14789
14790
14791
14792
14793
14794
14795
14796
14797
14798
11880
2075
14801
14802
14803
14804
14805
6862
4507
14808
14809
13316
8956
14812
11787
14814
14815
14816
14817
14818
14819
14820
14930
14822
14823
14824
5929
14826
14827
14828
7334
14830
5453
9436
14833
13386
14835
14836
14837
14838
14839
14840
14841
14842
14843
5522
14845
14846
14847
14848
14849
14850
14851
8476
14853
14854
14600
14856
14857
14858
11015
14860
14861
14862
14863
14864
14865
14866
3958
8099
14869
14870
14871
14872
14873
14874
14875
14876
14877
14878
14879
14880
14881
14882
14883
14884
14885
14886
14887
10687
14889
14890
14891
14892
14680
14894
14895
14896
14897
14898
14899
14900
14901
6311
14903
14904
14905
14906
14907
14908
14909
14910
14911
14912
14913
14914
14915
11861
14917
14918
14919
14920
14921
14922
14923
13220
14925
14926
14927
14928
14929
14821
14931
2613
14933
14934
14935
5250
14937
14938
1462
11476
14941
14942
14943
14944
14945
14946
14947
14948
14949
14950
14951
13447
14953
14954
14955
14956
14957
14958
14959
1539
14961
14962
14963
14964
14965
9970
6304
14968
14969
3234
14971
14972
14973
14974
14316
14976
14977
3059
14979
14980
14981
14982
2200
14984
14985
14986
11971
14988
14989
14990
14991
14992
14993
14994
11513
14996
14997
14998
14999
