2900
1852
12266
2733
12318
14006
6875
10661
6074
8737
8360
12168
131
10101
7285
7317
11862
11651
526
1711
5131
8358
5315
10342
7192
5842
4327
7080
1409
14680
1565
12361
8319
9444
1893
7330
12347
4267
5065
2886
7766
12731
13428
1205
10708
10581
8498
10468
14715
6447
1207
2173
10246
7161
547
1311
14019
4587
13881
8993
9831
14291
12785
2864
7392
1884
6009
14743
5330
1731
13353
8915
11543
12015
3413
2628
3337
12650
4709
13379
4796
6991
2202
13977
4715
4234
10270
12343
9594
573
14280
2661
2607
8946
8431
13768
4740
13673
9376
4149
13838
2076
12164
14870
11526
12620
4600
13244
484
9991
13931
6995
6256
3862
834
36
8362
9142
5506
42
11493
9919
9736
7377
13486
8257
5112
10915
12943
3798
7250
9507
11285
7894
8262
6689
12173
4873
13904
3173
5936
5273
5348
7575
9798
13322
9927
1017
7664
14651
11477
8219
3215
13663
12330
2804
13324
1323
2912
12546
1746
5838
7795
973
2203
5735
6115
9685
180
14271
5741
1701
11998
13691
14229
10155
7124
7430
2209
10977
10693
14248
3375
1928
1505
13065
13151
9856
5989
14318
471
3369
1304
4139
12852
3814
7006
6927
5222
4393
399
4781
4368
944
13257
14258
2410
6892
12713
4432
4107
11994
1754
7436
9660
6149
7628
12411
2741
1487
12201
14244
8264
3365
7706
13799
6773
10724
7462
3600
3026
686
6338
4888
8983
13538
8780
5034
10927
10057
3510
14434
10439
12337
4725
3035
11565
7789
2792
2348
8332
2504
6524
12989
4801
11421
2701
2979
8720
7120
12765
4838
11669
345
1763
3014
3703
1965
10900
2174
10504
11406
12590
3009
139
6901
3142
8653
3775
13274
1193
8590
7785
8757
3068
2940
8852
3419
6558
7799
9216
8480
10296
2001
9943
10511
9968
5087
11154
13579
7432
12740
9338
5596
389
11023
7098
5403
12530
7503
7262
9293
2161
12123
9430
10512
13942
3166
816
4858
6238
2729
2254
12699
6289
3664
11447
5862
14104
1299
7141
4276
5515
14057
14399
12908
14555
10747
1357
4200
7149
13042
2720
1011
2101
13396
12808
12042
3751
1146
8050
3349
14581
3601
11891
13597
4025
5381
14885
10939
13419
10486
7366
2997
9162
14066
14840
230
4186
13301
3870
2820
6365
10205
2971
8501
3770
7343
13403
3671
13285
8843
244
5052
7391
12539
1614
1573
2343
8242
12768
6019
9647
1354
3316
14029
9898
1707
1591
11860
5762
7362
4445
8937
3206
13758
35
7290
9466
3992
12930
11599
13888
5178
8426
11517
2528
10413
2036
3613
636
9669
10980
12647
14724
2384
11495
7572
8416
3689
2577
13715
2768
11136
13551
59
8048
6312
2767
2536
1595
6309
2394
12538
10582
7975
4294
9241
7277
14506
3064
6563
12013
10624
13321
4489
8240
12213
5752
4718
3123
4925
4773
13418
2304
8935
10788
14185
12806
9804
7711
11085
1674
12003
2006
8974
12078
6959
7539
5056
12775
2446
4402
3920
14378
2582
6164
11463
12683
6382
405
6652
10367
8610
6245
8040
8355
12219
1134
8017
5636
10140
14508
7882
5525
652
9781
9722
12835
8768
3168
824
12363
3250
136
677
11363
3074
4916
8351
10670
5011
5425
7329
11127
13833
14206
14170
8822
8760
2863
14998
672
4218
2171
1002
2217
829
6045
5045
1986
8558
6358
1137
1588
9699
5953
10005
9778
8094
1747
14370
7955
511
9706
10843
12300
6623
6369
13189
1889
7735
6099
4415
4260
4357
13152
1894
14822
9582
10212
8615
9739
7180
5194
2355
7206
10853
1815
13684
3602
11950
14878
1353
2590
4421
7644
3842
3889
8481
7408
6764
3967
12935
11152
5482
8520
726
2494
2713
13589
375
901
11251
9053
3507
5597
4791
4789
6879
4996
14183
1698
9010
14891
9093
10576
5682
8381
7325
14523
2414
7043
5235
7177
14634
9729
3259
1128
5289
6596
133
13132
10177
14670
9112
4506
10050
7983
9316
4570
10931
1018
13200
6464
9167
8064
14803
1359
13841
2838
172
5270
10707
12693
3509
476
11847
57
7511
5248
5630
8674
3781
276
4326
11255
11579
5339
14414
12743
11270
11341
13627
4461
3887
6695
12498
8584
2606
777
13695
5158
13636
6715
1676
12309
3804
6377
3885
2605
5510
13979
13535
16
326
3045
4652
546
14996
14463
1718
2347
10168
521
14863
3968
4119
3710
6039
10514
12552
5408
779
3691
1379
13294
6190
6166
7514
5364
13948
1626
223
5412
14219
4483
4067
12356
3170
8395
9375
4394
3445
10354
14689
7580
3826
936
11803
13585
850
12093
1571
1412
5722
7579
13408
3358
7622
7273
14082
4719
3039
6578
4825
11212
14669
7213
11550
14949
1830
9111
2056
9196
7208
9479
5566
6438
8113
5442
11794
6140
9411
2917
10477
13903
689
14032
73
4229
4246
13363
9187
8339
6112
6475
4350
6527
2473
13015
2561
4677
4684
7639
8336
7832
12163
9911
3550
3233
2700
5921
4827
4353
4408
14388
3562
4480
8025
5438
5439
4558
2432
12391
6942
12408
10858
8858
10875
10622
14101
9872
5768
1192
8871
1556
5404
14021
12580
12810
2426
4093
4247
13732
8490
7156
13909
2413
374
3977
14462
12218
14142
11012
3900
3040
1021
6534
14167
14524
4929
11737
6977
6432
7248
72
4933
27
11299
14339
6958
14298
8742
11953
14261
12750
9435
425
5476
8457
2871
9926
12584
13034
5516
6108
13552
3746
8956
13100
14477
13798
4400
7463
2983
7968
2066
2145
7252
9614
9858
3801
8631
7701
3891
9439
2833
7125
3752
7949
3202
1543
2987
13846
789
569
781
3603
2210
13128
1716
11880
11521
2980
6951
13819
13810
1100
5466
9123
11159
1728
12733
8751
8471
13383
9350
3388
11600
4815
11788
10307
6868
4741
11264
4794
4659
304
10062
10067
4383
1993
13135
6033
2538
12508
4514
13106
14853
32
10269
7619
761
10089
5572
7298
5199
5156
9415
11057
6055
12383
12526
8930
7072
671
10087
7371
13860
1654
9253
9460
9353
13778
7587
7946
13416
10782
4560
2746
9427
5720
6727
6427
11218
502
10253
14433
8826
12238
3492
11528
6854
8570
14862
5598
13281
9542
2996
843
278
7803
7415
2398
10718
1606
3143
2159
2888
2535
6553
13172
80
10958
6616
5804
2422
14565
2585
5971
2627
14484
3658
14120
12413
10018
6778
4295
6501
11188
11093
14716
9543
5413
12261
1987
13653
4902
9810
13238
8598
12794
555
3355
874
6451
7732
3073
2121
8660
656
7049
13197
11723
7634
6121
171
8518
7204
544
4762
3177
3515
2503
60
13623
13469
110
2711
8145
10044
5488
13262
8727
1994
4526
8456
11144
1396
6460
10641
3848
8326
4332
960
40
2114
12270
851
10658
13639
11719
929
13115
5553
12494
14124
10466
13082
14382
2791
6992
8014
4554
13672
11695
9342
406
13477
12018
14711
2579
7651
9802
3273
13407
5580
2212
4312
5650
552
6353
2341
3624
14918
8824
5693
7787
1867
218
9557
14325
5082
13110
13399
9698
11357
13073
11122
14854
11109
4183
9059
14173
13926
5788
6394
6586
8541
10391
4764
13754
13590
7445
12947
3732
534
2816
6277
9121
7085
1230
10805
1448
765
14091
412
8313
1667
13886
11329
10361
417
1115
8654
6895
14028
4038
10500
11807
9530
8207
9
14123
9363
8039
2580
5166
10499
10422
13012
12878
9497
2039
2975
14945
6127
6111
2455
7064
13936
8640
3270
6044
232
7720
11620
224
11944
14702
5334
11677
13070
626
4382
8510
13981
1975
11539
10906
12301
528
14363
5852
9999
4906
4058
79
9809
4596
11581
9822
6557
8346
148
516
8846
7367
11618
812
7756
6944
2868
8422
11356
432
7459
5821
12772
14895
4660
5689
1871
226
14220
14626
4813
13923
4679
9449
1697
7888
4060
9963
6053
409
3257
8920
3608
4051
12504
6054
4030
6562
1320
2474
202
11763
2442
1245
6030
14390
11228
13246
7136
9976
9055
9751
12063
7963
7090
7801
5368
3978
12260
10339
1220
5089
13096
4778
1435
12873
7573
6404
11046
12608
13867
6459
3376
13080
9110
3314
5271
11106
13910
4477
11837
3534
3222
9914
10648
12082
14222
5294
1139
3906
122
2497
14340
7793
3813
5666
6457
1489
3620
2808
13071
2814
7697
3138
12729
14553
13207
6828
914
14997
11779
6726
11500
11630
10199
6129
9100
1885
69
9076
11642
11746
12670
3167
9766
13241
14386
6152
13284
12867
1097
8799
11544
13254
325
13427
14797
6643
510
6069
5869
12840
9570
10192
4932
4469
6435
8249
12596
7840
6737
1644
4636
14635
11701
10529
5530
14563
14532
3728
11849
13637
160
8685
14465
4752
9175
5671
7548
11924
8068
4100
11441
8776
11621
5742
7076
9585
12143
13366
10855
11001
4242
2773
13564
6200
11822
10133
11378
3831
2339
1916
10162
8354
12226
13945
3970
2332
1935
11533
4011
3053
1101
9395
3395
9406
8432
6637
11147
3586
8027
13668
13242
6565
9171
14331
13104
11949
105
13028
2163
7244
10250
13714
14656
6774
8077
12085
6175
11626
10807
11246
8049
6937
13218
58
2124
13108
3556
14373
125
2698
7578
12051
7101
5395
12325
1426
4282
3923
3210
13665
13795
1185
13584
4846
10156
11598
14787
5680
984
8914
917
3697
13727
2795
909
3356
9441
3667
9714
5496
12289
2483
8665
10335
3629
8460
5941
6192
9924
13164
14775
4212
12527
10241
7131
12633
5586
7457
12286
18
1722
6219
7147
11279
11674
9717
11110
10651
12730
10715
2646
5688
6278
6585
6465
2378
1704
9382
2418
2230
9214
11907
10990
13304
5409
9640
453
4957
7647
8797
3216
12841
4498
1831
279
5563
5899
8345
1558
1336
5219
5518
1855
5406
12926
8193
4072
10288
9571
13762
457
12159
14755
10837
10824
10373
12911
7157
7482
3169
10673
4528
9257
9752
7609
2229
8213
3707
10436
12745
8225
238
14726
1534
4876
7864
12254
10618
8390
12882
9311
6188
13919
7646
4922
6154
4160
12984
9618
13814
10131
9866
3636
3779
6012
9626
14393
14869
352
6167
11713
1800
6403
2271
4917
9015
7219
8555
12388
6275
10432
10859
12684
7174
3549
7506
8396
7259
2266
3151
3366
8855
1112
7481
8529
12400
4112
1009
8430
9915
1992
8971
806
9062
13874
12443
3657
7763
11114
491
1897
8604
9734
9905
10628
4531
4538
1616
955
13305
8387
277
5963
888
14086
7594
8453
10229
10719
2305
1189
11597
1504
12586
7326
5520
2602
92
9337
10173
8746
6730
941
2477
3563
11196
11257
4258
1709
771
4487
10620
12863
154
14955
7998
2954
5843
12207
10256
9360
12987
6204
13774
14358
10951
5782
8680
14576
3037
1637
6488
12403
10113
3747
3478
12522
9300
2054
3698
3964
8226
7988
7893
14957
14617
11009
2621
2876
6640
12518
13792
12394
7490
1930
360
6979
5781
13788
4237
12487
8283
7171
12622
1124
14301
9159
1165
11850
6859
13226
5914
2359
8732
14389
8429
5669
14461
10184
14975
1583
827
1492
9524
9122
11571
10936
13417
12969
12271
8124
152
1863
7681
3019
13916
13307
6832
1909
5386
4039
7380
679
8046
3692
13196
9933
11798
12021
1252
12476
13022
6237
1280
5181
9767
11466
13866
3845
1156
14011
10612
5013
13972
4399
1043
617
7288
9769
5102
8763
8500
5697
8865
4609
11570
10685
11686
7500
3213
12886
12677
7389
112
7837
11980
803
13825
12707
9675
10938
14961
8543
6381
8032
4585
13808
1964
2986
12420
6752
1402
1785
11943
164
10426
6696
13976
8350
9742
7999
12687
8885
9590
12252
130
13885
8634
8356
5214
10625
3212
11316
6251
12423
12077
5736
8305
2728
5494
5301
11036
12614
12265
2641
9043
7148
12718
9912
3646
9220
8186
9091
1511
25
9997
11002
6402
11082
12274
10308
8607
6020
12269
1000
11054
10986
632
11087
477
9624
8725
8458
9691
4366
7632
718
2671
6636
6877
1454
6540
5593
10046
7075
1196
3858
7236
7495
14533
161
8437
6905
9090
1486
14798
10482
7399
12625
12961
4420
8902
5276
76
11825
11955
12902
1278
4032
6613
14356
8210
4800
10550
12158
2151
9103
13440
11790
10182
9538
5799
7695
3072
10555
4062
5137
6317
4784
6597
8486
12202
12809
5356
5724
12215
7214
1300
14113
14294
14225
9903
12464
10557
2019
8623
4395
2813
10664
9217
5318
1430
6306
2667
14309
8177
12510
13503
14930
5127
9301
11291
7234
4627
8687
838
14429
8575
12643
12161
14946
2357
4918
449
10331
9840
12662
8496
12037
9998
556
5867
4122
13002
2672
2245
3611
9324
5517
3311
3591
0
12165
12918
198
9760
3088
5710
3856
14150
11419
8544
2600
3276
14736
6897
12682
8613
11069
2192
870
10579
12474
11337
8203
9017
7046
8554
799
1276
9580
6550
13827
2850
3427
4991
6066
7155
3269
10556
9470
1527
4444
8451
12364
1623
5813
13876
808
4647
12583
7811
10810
11084
13482
13468
7889
2078
12826
8600
6824
13570
3966
10684
4534
9689
6228
10461
14341
8383
10568
13545
14084
2278
6091
13901
2492
3903
12550
11112
331
9783
2439
3684
424
4651
1859
13601
862
7637
1865
7806
2125
7117
6598
3243
6350
13511
13201
7316
472
12575
950
5188
5827
4363
12627
4208
7129
12678
3363
2575
9156
10734
12963
4757
10041
12104
309
12308
1322
6318
1888
10723
13267
342
2774
2530
6747
12189
10258
3157
10960
5991
12341
1607
8466
7772
2937
5962
13729
604
12710
2991
9371
12846
8392
3392
2557
2141
217
295
13235
2674
3033
4984
8263
12248
13221
7478
10405
5006
14130
10919
11256
2464
12137
2889
5258
1956
1194
7905
11247
8566
4166
7724
30
12397
1369
11696
9494
13273
2615
1781
6344
14714
7786
9870
4137
1364
10925
6018
8515
9812
14967
5523
4755
2431
9399
8605
4581
5667
14752
10803
8845
9283
9269
14652
3357
7599
660
5049
431
3414
9128
14246
117
11658
8744
7698
14375
3668
14805
3925
683
7944
3237
8347
2519
4551
2507
11712
2654
3320
10839
6733
6817
10525
8715
13436
12491
5784
2851
5839
3268
13964
10920
13488
8115
5915
4931
8507
9421
8670
9133
12532
11384
12859
7973
13388
1064
12421
9744
5227
3279
7831
5249
8292
408
1111
12725
854
3714
8567
2556
13316
10194
3720
4519
719
2946
9188
8633
11267
8081
11563
13899
14761
921
6328
815
13476
12829
13830
11711
6232
1687
10430
6415
5687
13541
6027
7851
13282
9078
5919
13605
8745
14694
2222
1053
13255
2061
1391
1090
4763
3761
4979
5345
946
3190
13995
4
13837
11744
814
14936
13090
11425
8428
11176
6051
4724
11195
4238
10621
12087
10191
13300
9935
14561
910
9304
2104
5023
8060
598
4043
3264
13237
1807
2679
3571
14566
4005
3855
10284
7151
11080
9423
7494
14232
240
8539
11662
2215
6072
4275
2438
7966
10952
7748
10223
7762
2696
13357
6515
4787
11648
8810
6532
6467
12535
9404
10565
14730
524
13631
1129
7930
7281
2726
3460
13828
10447
8195
4693
4948
869
5985
7675
4324
13277
1342
10152
6453
7109
13902
11090
14201
10257
613
11766
10541
6180
5627
10717
3869
11988
7024
4255
1298
8198
5477
3218
8749
11482
1636
10739
12844
5957
3765
3985
10608
7898
2716
4934
14131
8427
3494
10934
3023
9652
4215
3308
2815
4716
9851
6340
6186
14155
2963
11302
14152
1900
9566
10688
10236
7920
2495
3676
890
9193
14500
5032
1329
4547
1279
1816
8093
11871
2272
11676
2706
1809
798
7220
14518
3753
12278
1769
1507
10449
13569
13490
12925
5897
11029
10453
1675
788
1162
4769
3094
6400
12933
14875
3523
3616
10937
2340
4419
2113
12974
9696
5358
6625
2593
14608
10564
564
10329
9668
13385
13725
11504
2268
3709
10662
9262
11776
3412
339
10025
1962
3577
9819
13045
6003
8734
6461
9381
3155
6935
9932
7597
8465
4175
4157
1550
11320
1624
12075
4162
10491
11146
1931
14327
1875
1848
14742
14727
5631
871
11366
4243
6591
3089
4386
13373
12200
5743
2805
9077
272
4167
3317
3087
11975
3578
14879
1853
11379
10566
6800
3354
1155
7107
5128
6497
6114
3951
5363
1063
5139
3895
3520
6420
774
3411
9318
7666
2235
6060
10163
8939
2228
7953
13524
7700
11989
8569
10809
10850
2563
4783
9080
143
12006
7797
11981
1585
2158
1502
13005
12624
3097
14310
4807
7747
6296
11408
7818
12496
470
12203
1242
2103
4954
13796
5010
1127
2533
1407
9161
10289
6899
6413
3737
12766
1397
2415
8276
5286
625
10197
7517
13927
1677
4705
8565
8424
12967
11946
9518
385
8689
9272
11352
1514
11063
8503
10740
14530
3396
5487
4828
2884
13587
5549
9839
5261
3574
4220
13063
10048
3816
10614
3997
3598
7875
758
4734
8399
9694
4738
7938
11615
1411
7733
13199
14892
10374
4566
6775
2401
2388
11022
11468
4385
285
11428
2048
8769
11661
5644
7687
10892
8786
1004
4983
2751
7477
2992
2373
773
3211
8705
13133
1349
7069
1160
1767
8540
7685
14655
123
10523
939
6144
5155
661
11271
9889
14846
14844
3125
8907
3283
4370
5382
2238
8917
945
14237
5823
5759
7516
5513
12080
7021
13514
5302
11052
2170
9828
603
1444
6246
14568
12119
4329
609
10392
7696
3490
5353
6024
7211
7618
9957
11361
3558
5078
13748
5449
1318
10402
314
14491
5923
8698
12589
10021
4439
638
14275
9782
4280
14842
6109
3918
9946
2967
6449
11716
7883
9721
5937
12838
9855
9678
9709
8911
11230
11707
11793
7768
5637
10880
4985
13938
4887
10709
12480
763
13670
7121
9591
6650
12068
1681
5429
1266
6122
4023
14107
6734
10530
7775
522
10998
95
6043
12235
8330
14395
1105
12651
3754
7340
12896
11632
3678
707
3098
7412
13859
14762
6423
5333
9256
10911
10750
13310
11024
2231
11269
2879
9179
13961
6762
234
4761
13088
4593
14108
1680
11859
343
14874
4697
12599
5471
674
5312
13994
13988
10767
749
10083
10201
623
10315
3860
114
7110
7175
11081
12680
7828
9921
347
9321
10712
1388
13175
10549
14297
7972
5896
10742
6506
7667
9517
653
11868
7022
14935
9101
4004
8557
21
7655
11113
9560
11199
11445
13671
11911
9679
7854
5845
2588
1745
2926
5818
10678
10124
9849
4673
14121
2029
8184
10627
10121
9759
14648
11381
1756
11298
11645
9879
293
1803
10065
5662
6614
13731
12381
8294
11398
8234
7926
4331
13525
6165
9261
7246
12501
2201
8818
13615
5981
12419
14418
3285
4374
8527
2905
6918
4293
5559
7884
12236
7843
10949
9941
9410
559
1969
12360
13010
1175
8989
1228
10926
830
13687
8921
12057
5495
8551
9586
11555
614
10686
6575
1313
7152
14333
1482
8368
7728
10639
6005
1403
14344
1095
121
2710
3643
9548
5528
2502
6541
8943
1526
5468
4319
1621
12040
6880
4360
5895
199
13448
2887
13550
10585
6528
13225
13744
9894
6862
9251
10992
4223
1708
9737
611
7890
4153
2052
1750
3733
5719
5780
4592
4361
12870
2948
7344
2377
3766
14688
4003
6485
7726
11372
9825
906
4210
12095
5589
2818
4377
9372
14308
2576
8781
6770
12813
14718
1561
2517
9701
3584
12849
2719
4187
9368
8342
4274
13657
1296
13359
5931
11371
373
1246
3879
13198
2839
14868
12370
13443
12818
5668
8293
11490
5184
13752
6276
3486
4546
2832
3252
3838
9417
11010
7376
757
9989
2752
13733
5939
13464
499
9136
2038
2584
11901
1136
3525
13965
9987
7780
12672
2927
11068
14080
9429
3829
7918
13872
10636
14495
6938
4146
13271
4810
102
9539
4482
11869
2199
3575
2457
11096
2867
8564
9635
10462
6860
1868
216
14136
4136
2136
3361
8343
9249
6941
12380
12282
9063
3595
229
14334
666
12098
6529
6990
1038
3708
13831
13696
10350
7987
5365
818
9302
567
9579
8320
6092
11959
6853
1792
8790
4502
9549
8979
13203
13405
5086
7684
9619
2510
14602
3241
259
364
6463
2179
7770
645
219
3289
5062
4772
14004
10797
380
2583
3501
193
9041
5000
711
6198
6893
9598
10668
6185
11229
10219
4826
11214
11071
1050
12071
12446
3299
12192
5398
6844
7249
7111
13087
14739
435
9070
11834
9172
376
7538
2772
872
562
14833
10283
6357
14861
9832
6836
10126
3877
4272
6327
9335
107
1950
5292
13522
6794
513
10563
2822
10813
5287
7051
6787
13123
11591
7100
5453
9185
9264
13539
10884
8074
5160
13544
14289
7356
6688
5031
14545
6240
8069
9823
1959
421
2427
10144
4154
1630
11652
8231
2790
12816
11644
3209
6410
9908
6366
14482
10203
1148
7056
5373
9513
2466
5548
11820
10401
6601
8182
1452
5935
3559
10242
8638
5164
12458
2435
14268
8487
6090
6570
8813
3605
11424
8250
2747
13023
12410
6704
8258
11053
383
481
1383
9178
6100
2251
7127
2295
6445
8279
8856
4433
4591
11956
10265
4739
13066
12338
11232
12999
3950
7858
12112
4504
5017
10029
14174
12738
14756
3391
13656
1425
2626
12778
13603
8838
5123
12572
4680
5401
931
3011
14828
986
1775
11438
5481
12706
3504
7606
9772
3573
14448
4649
2939
13266
742
4192
11048
12946
696
5211
2928
11197
3103
12763
10752
9446
5371
10548
5659
11150
14071
8545
13880
13212
3913
7275
3004
14233
3328
4540
9677
5182
11636
7707
149
3110
11835
9756
10471
8397
2182
13194
10600
10385
14213
9537
4244
6380
1647
4028
10955
4950
2420
1688
10792
9853
4010
3681
6393
1535
7123
9455
1665
4057
386
5154
14234
7015
6002
3986
14189
1262
7058
9227
2875
5887
6707
1776
8982
7267
5532
4199
1876
8873
4499
5690
14455
1085
8853
11767
11050
8009
2392
5171
927
411
4303
4543
11216
3587
14077
13736
5474
5414
11535
3675
13120
2943
4548
12273
11841
14043
3644
551
444
7798
9805
10094
10665
13492
14194
10454
9785
10975
11725
6594
3101
13036
4588
1679
4603
248
5948
10696
14009
7405
488
7691
12907
8896
12198
3908
7041
9163
612
8045
3416
6786
722
8469
8379
9857
7465
8592
9028
8197
9947
4016
11309
4956
7368
2371
14618
3724
13593
5534
1159
4995
14570
766
9741
11423
8149
4820
8136
14053
239
3274
11932
947
8961
11358
6168
1546
13606
10551
4688
12322
5255
9259
5091
14808
11904
9203
11903
7443
3207
8152
10174
7781
9343
7802
1710
8712
6262
7970
7407
101
11962
7199
2434
7741
2193
9153
11335
5850
5988
743
13177
12566
14731
3025
11416
9294
10653
8289
12486
8973
13543
5605
10279
12412
12619
9881
11875
13343
12222
6861
4335
5893
2915
1361
5285
9137
4453
1374
14338
7226
10826
11202
13985
11155
5555
8151
13645
2959
800
2082
10766
9443
4903
9746
7521
12722
10682
9818
5322
9649
4261
1263
14546
12993
4770
2045
9646
8593
175
2586
3914
10161
13537
14790
8960
14489
3721
14663
13156
12855
13647
6484
10198
1991
13352
5203
4452
8357
4978
10868
1768
10554
13095
14970
6249
3197
12027
12557
291
10776
6989
4599
2382
2570
3638
10273
13446
11125
10916
10410
6657
3441
4898
4313
6520
3539
8706
13753
4333
7558
4403
2657
7045
11656
13920
10768
9451
11460
6996
3916
9057
1689
10218
12798
11608
9964
14109
1620
6948
3526
4017
6479
5853
7900
5113
9130
11842
873
8526
508
3054
6266
9403
10882
13493
4767
7805
5755
13567
7807
14050
2469
5326
11412
9483
13313
10100
4576
9426
6492
503
5888
6925
3960
10697
3225
6814
5209
7084
8556
3555
1438
4640
11604
4672
6659
5084
3474
12978
12981
3436
6011
4604
1008
12433
8517
7453
6767
4075
6130
6988
12445
11588
11094
14940
4110
5613
14586
5956
5621
8553
14745
5479
11567
2139
10150
188
5718
3949
1398
8628
11665
10347
1531
13626
9515
14374
1249
11224
13816
9988
11595
892
10260
12171
6089
8132
11336
1952
3091
14865
11448
9961
8218
4517
14991
5649
4345
6795
3381
11362
11473
12041
4336
4611
2195
10672
5165
7497
14247
3812
12105
2135
965
9763
958
7217
11819
3946
7440
4987
3789
591
7225
8531
5465
13823
11659
4109
9765
9509
12129
390
541
10657
3152
5928
2311
12732
11426
5077
10325
5505
610
3029
1321
5535
13035
11832
4749
3610
4666
13682
902
10736
9158
12232
11578
7186
4173
5599
11602
12302
7996
4068
2285
8928
11968
9352
4971
6997
8099
737
9544
9844
3969
1436
2708
13702
12894
11391
14754
15
1451
9456
2806
7879
493
2862
9651
14538
8919
263
6653
12424
7143
10097
1835
13145
14606
3661
8679
4142
826
2759
1238
14002
3727
3803
10214
8782
12
12922
7620
7680
2467
2291
13286
11942
4287
9008
13906
14732
8981
1360
3248
13125
6669
3373
4803
7657
7754
3976
443
6851
6006
5161
13519
2472
10264
2990
2444
1284
7312
11607
3491
1110
1114
5620
1953
6809
7658
14640
12924
7037
9094
9050
10275
5321
11130
2665
3808
12090
2730
5341
8661
10603
3261
3377
8528
1186
10103
11897
6247
14749
8864
10106
11831
3244
13737
3398
8953
6655
8964
153
11750
9310
8391
10185
3334
1316
7834
9816
1782
14218
13420
11234
14281
12885
3292
2976
6391
517
7188
10802
11934
6769
7592
14855
1814
7950
4412
8309
6000
2622
13421
5018
1783
13883
12220
9644
7629
7660
14777
3513
3150
5473
6781
741
7535
1331
12120
12488
1461
4020
14223
3892
6617
2712
5954
9970
7289
5419
9616
11338
10635
305
7048
8406
1039
2802
11765
12050
6701
5833
2662
11153
12193
4371
10196
8154
8499
9954
9190
7023
12237
2127
11906
11439
12753
918
113
8290
700
6820
11559
13014
13608
9036
2718
6110
2819
7809
6674
8029
2550
10251
12110
1849
9978
12791
14397
14653
7032
12541
3654
14024
12399
3258
2367
11596
1948
10294
3991
7764
9671
10157
7571
10982
1273
6392
14959
751
5543
10125
4082
13533
5407
2916
11124
299
951
3750
6348
332
10340
4471
3843
10497
12127
10406
5016
13105
10213
11921
3535
11795
4573
7817
3758
9673
1813
5320
10299
2770
10785
2734
8365
9291
14899
1914
14906
9936
13138
3663
14361
13531
14008
4381
3971
8701
12135
2126
8352
4664
7191
1054
8047
7433
8967
6797
11005
12497
7967
7319
14132
1254
6137
4411
10834
10593
420
7616
6830
14228
1672
353
2989
14054
12349
6184
10849
6260
3329
6452
1485
5993
4509
13734
14144
7228
11494
5654
6679
8208
10090
12592
4001
11382
10818
4564
5793
9477
6396
9125
4708
8916
5402
14907
2640
12386
13155
2353
2075
4556
14440
7591
12837
14734
9472
12031
12481
12860
6969
8560
8861
392
11207
13487
13935
14976
5912
7813
14074
710
932
3742
2333
5511
6176
14909
2985
5110
695
1135
2035
10384
4316
7977
6619
6685
8274
4111
4500
9027
5685
1032
9789
4516
8156
9848
9743
2688
642
13834
887
3547
10460
5254
9205
13149
10280
3530
11899
5136
11913
2021
11322
11364
6681
5187
14311
134
3044
8792
898
2218
9150
12615
2186
1895
321
756
311
7202
14649
371
12958
1025
14197
6904
13790
6716
204
10344
2714
243
2404
14245
3846
14457
7187
1817
5797
264
4097
2574
956
9700
1352
5116
11217
2695
11714
5554
14836
7003
7195
11611
1629
14900
14515
1661
12520
3046
10698
13444
2549
1749
5556
6084
1544
7260
1881
10883
5670
14034
10642
5847
7536
9480
12735
13562
11117
916
762
3495
13377
475
12463
4047
857
1779
9966
6171
12600
4748
5461
13894
8969
3607
12223
11616
8581
10052
13853
8699
3024
5472
14534
11515
1582
2855
6293
7607
14412
14800
468
4364
13850
12185
397
10700
14178
8001
1954
13928
6473
3517
13016
12312
8475
8107
1705
11505
13331
10314
8254
13612
10516
3784
8968
1589
12537
9482
6325
8209
2601
11396
1118
13188
5783
1410
2018
2108
13457
4140
1338
7284
1065
12975
6498
10857
4436
2188
1846
11097
242
10524
3463
8833
6398
8924
9312
542
7488
6698
10561
2736
665
7185
10694
3790
6437
1344
5366
11227
6194
1442
11304
9442
3959
4598
2270
8253
5815
9491
5092
10588
13017
6805
6878
6310
12872
1395
4026
10171
6119
6058
12715
5966
14227
7862
13426
3545
7315
7168
7722
1691
5959
8085
10128
8146
7860
1720
236
631
14314
13858
12663
1302
5944
11400
12350
691
14253
9940
14639
11551
4301
12779
9967
11032
6478
10758
5952
4431
10375
13595
13141
8246
6489
10751
12601
9141
8007
7771
11134
9885
4919
1980
9603
14896
8034
6182
13546
13821
2859
2047
13836
13358
4387
6126
9944
13852
10104
8212
11800
12977
5810
11738
10897
13249
4692
6375
14127
7025
14593
5711
9325
1048
11075
8579
4942
10650
9956
9975
732
1801
6086
3940
4746
7427
11872
5785
7318
8038
5734
500
3423
5638
7925
1759
14381
3948
8211
14359
3466
14628
12644
657
6656
12153
12558
11444
7483
3861
11166
6999
4669
11786
14802
10359
11450
9132
7077
13288
1123
4206
8606
12004
2514
7196
3147
14983
14986
5955
4618
2252
13555
4221
4230
12795
7899
6023
8125
1937
7562
12019
14522
9686
8599
7932
2480
9319
5604
12636
26
4883
5879
14055
9349
1014
9639
6424
11892
5050
4279
13173
12131
6708
6946
12281
10675
12570
11368
14196
4701
14779
5950
14667
13822
13588
4620
4266
433
8895
14243
11192
478
8272
2336
7922
8578
11201
6717
6815
7346
6571
7105
6117
8766
7002
8595
13980
966
2148
10252
10844
5244
10247
13186
2647
14240
1721
10423
10571
9238
8951
8123
14926
11116
8582
14623
5942
6155
3705
8816
9707
1457
12910
4286
14860
11165
1906
10798
8259
8936
5832
9278
3622
7808
5552
13067
2914
7527
13019
7743
7467
7150
7976
14269
6776
6796
5607
11120
11874
7870
14102
10165
2942
7585
12405
9365
9289
5691
2624
3910
8450
5174
8721
12649
11673
14105
8043
10351
3333
12673
2715
9225
10059
13390
6602
1963
10237
14737
1170
7712
4022
2675
8762
12454
1283
6517
221
4798
2227
6761
1431
6257
12166
2978
12940
11074
3518
10216
14783
3553
1808
7892
8898
4594
6314
720
13970
594
6189
4424
11305
11079
12259
5777
5612
12781
2779
2781
13463
2260
14251
13949
14624
8296
9306
1130
2062
14614
3621
6660
10444
6315
2873
4185
1989
3281
10166
1241
13717
10578
4730
5705
970
11815
11649
7197
9794
6248
11576
1628
7359
680
11789
2981
2402
6900
14905
9317
1695
12727
12453
12152
7450
4544
3749
4696
14580
644
11377
2848
14791
7611
1578
12957
5820
7525
9255
6512
10496
5737
3353
5304
5399
12605
9931
1887
9984
7261
9347
5907
13217
5968
13150
5201
14364
4809
4159
14839
11523
9503
3238
8214
1424
1089
3050
11511
10291
4416
3133
12448
177
2302
9040
11383
10774
4774
14773
3078
10210
7203
6397
9089
2244
296
2861
2793
200
8859
10630
4549
8726
1327
5540
11996
1581
4792
2102
3484
11244
9534
8191
1324
3372
13314
13614
7310
2025
11163
12749
1042
5726
3922
4833
7979
10438
12948
7907
1843
6446
4976
12348
6609
703
11890
3762
3626
7690
3330
2762
7114
13857
2226
3090
3984
5803
8888
13276
8508
7887
14942
4678
2962
6347
1870
4354
3625
3901
5417
13599
11553
3897
12544
2089
354
8052
11062
7170
5230
10467
9356
1586
14279
11939
1563
2016
12362
6456
11782
6533
138
9573
8889
12561
14157
1682
13393
14164
13914
7935
13409
1804
2785
11580
3383
14511
4642
825
8625
2183
10659
3322
11418
14022
4203
3415
7394
9846
10371
7321
8691
2187
13723
10589
1555
191
11900
6587
1640
9547
4454
593
4236
10997
7676
11319
3929
8411
13438
9447
13954
14721
13349
8676
11205
9695
11971
4512
14195
11520
10343
2544
10945
4908
5840
11755
14073
12010
12547
46
4314
9595
1715
6583
4222
1495
4065
14410
12017
10478
12355
6966
8522
14392
108
10407
9009
13844
11173
14330
7723
5611
3034
6207
11507
1294
12612
4197
3077
4768
11573
1068
3065
5297
8620
1333
14198
1226
4882
12324
2409
4629
7542
10086
10493
337
2223
10607
7518
5390
5657
3880
10703
7744
8878
11561
13008
9535
4901
5749
10748
9124
1540
11323
4637
13809
12556
3531
14490
3347
5700
1479
2974
10733
10899
9143
12492
7567
12992
9891
11933
2485
13340
13944
13031
14478
7683
5851
13327
5706
7385
10137
1524
12949
3828
10749
14117
6222
13703
6611
7553
8970
4188
12842
12937
10699
5059
13708
10230
12417
9160
4021
13694
6022
8683
14621
2026
7164
2300
4172
174
8954
9391
9488
393
3444
13722
2907
8823
14209
11808
11465
9394
11102
10443
13158
10811
5564
10962
6691
14633
7792
14958
6670
4641
3272
5335
14452
10330
8747
11286
11816
9473
8236
1539
1144
4344
14371
6001
2465
8129
14575
2129
7258
6957
3137
4802
8626
2366
14056
14267
1789
5825
5290
5384
9692
4126
6834
3440
5362
3974
10416
13730
4414
2763
5946
7865
532
6593
1547
3904
12103
2897
12323
1617
14256
11809
362
10638
8063
5811
6888
395
3461
3679
13840
8127
3041
11413
13342
8315
10965
5634
9145
8791
14151
8834
7207
3473
14740
7027
3797
2653
3296
5906
2344
664
4799
4955
876
10091
11183
8612
10838
9551
987
13516
5526
3418
10411
7388
6845
2349
10017
5561
13517
10862
11687
2783
12022
4290
10010
379
748
3471
11374
6972
9575
2609
6962
14112
8703
11817
5707
4981
12449
7815
13059
8467
14445
14286
11680
7945
7964
9506
14582
8587
3655
12851
11640
4041
10570
13435
5792
2277
8980
6632
7451
11306
6323
2003
621
5135
11290
7437
7163
3899
2491
12332
4619
7627
7493
7833
10484
1178
1923
3247
9949
14883
14559
14443
5927
5868
4435
8536
4532
8196
7241
2362
2508
10833
570
11145
328
3788
2748
3921
5280
2616
10245
1006
3442
3834
13826
7349
12964
7397
2668
14076
7384
14368
9079
1861
1574
12114
12457
6035
2737
11435
14889
3234
5148
14394
11882
8026
13230
12828
10573
1824
5590
13924
10465
5432
146
6677
10084
11540
9165
2262
3251
805
3719
1251
423
14980
3016
12154
10139
8947
1904
12744
14238
529
10387
12712
144
4392
8975
12695
68
11865
9348
6088
11650
13298
10259
9950
3449
324
13333
7869
8602
14707
10009
515
6076
5047
75
3546
10510
3931
2950
6911
8158
11222
318
11119
10988
14504
14920
4098
1406
12640
3402
5392
2598
4446
10681
9068
3888
3552
11385
13020
11151
2322
4070
11824
7489
4646
1877
8133
2166
12489
2133
9529
14096
5119
7608
14960
961
14110
10914
11667
7602
2288
11294
13560
12070
13581
11888
9173
13213
13773
13432
13013
7940
10789
2692
3647
11422
717
14221
3221
9405
1365
31
6939
11886
11804
14480
445
6638
8735
6102
4729
5951
1593
4595
6041
10115
14513
10745
14774
4372
14383
11852
14241
13967
13660
841
6297
1947
10389
1812
5415
13354
7354
6324
2823
11180
4686
7435
764
10864
6968
6258
7205
14744
7243
6772
8850
1880
3052
4189
1429
9842
7416
327
11272
11740
2289
14904
13046
4736
11557
10149
3184
8958
11877
1911
2356
2169
5296
10255
2307
2319
14599
12632
1417
12704
11464
13950
14964
12551
12917
447
7406
10469
12097
7282
2775
6930
11277
10267
8812
12657
275
3961
7978
6428
7335
601
13069
4456
8185
11896
10400
11236
11613
9285
11671
6265
45
1145
13323
8023
8374
14012
12005
7547
6406
882
790
7410
10228
11293
4304
3055
9632
9704
8690
1375
14708
9676
8459
10596
2256
8881
13465
10272
9820
3182
4015
6337
330
6976
11328
3351
8433
3543
5562
179
13664
12142
14295
2077
1399
994
97
6808
10823
12560
7908
12820
10311
65
7345
7081
3567
13864
6917
6014
4177
8820
2587
4525
14867
9838
9240
3694
7593
13222
3529
574
11936
10433
3175
7773
10756
4390
14316
5046
6889
12962
12210
4145
3141
4289
12639
6863
4712
4824
2843
4758
9990
6494
5478
7036
4104
1184
8717
5445
12604
10047
17
4847
4147
9126
3566
13154
2709
9715
8966
6172
4352
10978
4269
5871
1307
7047
6654
864
7719
877
3735
8770
1938
10870
13332
14665
13099
4850
4905
12326
13081
9144
6760
14837
2247
14894
768
11935
6015
4612
14069
4811
6788
2429
9182
14780
13483
2096
3844
5772
6579
12422
5754
14017
13973
11051
9092
207
7643
3345
13295
10271
4710
14771
8235
6983
13453
8844
9806
7821
2595
11502
6374
3386
13433
14211
10968
14933
12125
738
5387
12790
3432
427
6287
12807
7019
4365
4687
14973
6128
6955
6950
2797
5434
12155
12667
5601
8938
11926
2097
9552
1007
13933
3288
9058
9367
7774
8321
9527
5900
1961
13347
14065
2395
823
14038
9081
13634
8931
12490
7053
7686
629
8576
7788
14543
1292
214
9983
10540
13770
7404
13738
4515
14328
6548
13648
7010
2385
5808
2313
9379
4263
5063
2949
11004
11780
12912
7740
14416
1811
13803
11076
8419
3955
14705
5277
3527
13111
9780
702
2652
14351
400
1244
3265
12603
7169
10601
1387
13632
8959
14315
5544
6600
12716
8991
2931
10356
14661
6254
9061
9252
5298
11204
3266
1167
11995
4318
1078
201
11679
5376
2845
9893
12903
6651
778
12287
3099
9740
1984
3937
2178
14090
12660
5009
4675
6580
2969
6416
885
9852
5648
12243
1891
10765
2023
9982
11083
5924
14001
13651
8055
9273
5098
8577
7555
54
7167
8882
4451
11572
5463
3135
11420
3883
2369
8271
10071
7853
6757
5085
2462
7638
1572
1633
5885
584
2190
5215
185
6430
158
5713
2799
6742
3021
12401
448
8854
14619
2866
14893
3301
10572
7306
5037
14866
7190
7065
587
599
9299
235
3293
13666
3981
12659
5765
4682
14542
6388
1625
9768
11175
6974
9038
7910
5124
13532
739
14789
4949
4128
194
9461
13367
13508
10894
2403
3075
1052
2008
3958
10841
7016
7229
14274
9377
3081
14931
2281
6907
13411
6662
12367
12868
10211
1433
14044
2516
9064
3778
1260
8440
4561
12395
6718
12728
11918
10877
14092
11325
13112
1903
12642
329
11898
13959
6693
487
13667
2630
3516
2826
9520
7078
13401
4586
8730
9938
13142
9450
3229
12228
5996
349
55
2034
8601
1825
3406
9115
9747
13350
531
9511
13252
2084
5246
14884
14437
7347
9135
2632
3569
2177
12888
6376
11475
10527
5343
3172
5592
1422
10746
2396
7985
1845
13697
5325
7544
11691
6945
9786
1719
1236
12799
104
4202
11830
2534
4182
6883
14014
14968
456
12502
11542
10268
9056
6919
9545
4473
12478
2956
10118
8692
5576
8535
10386
3780
13139
728
714
7625
7130
3787
3670
3220
8415
9452
13062
7057
6912
2122
14035
8030
13989
3127
2032
2391
6360
281
3059
12169
5038
6124
1819
10533
5393
5834
2499
5983
5578
2743
10515
6891
2663
9670
4777
6125
6363
1083
9275
5872
4944
2049
8277
9314
6663
440
13140
10942
3772
1924
11958
3596
6573
6103
14439
1295
14772
10820
7556
5245
13251
2310
14612
4008
11443
730
4211
13481
4481
935
2237
12450
13211
4135
12460
8806
7050
8523
366
1844
6744
12966
10262
4310
7327
11446
10395
1
8269
7560
1797
8591
2880
5207
8036
4776
10595
13611
10110
10038
7455
1164
8179
12328
4714
6075
11253
6647
13843
12814
141
11848
10976
3085
10539
14589
5141
13452
11858
9019
12194
10151
11248
7704
8867
7473
8645
8874
5167
14914
9925
11045
9922
12214
11708
14214
3196
5103
5004
8800
4915
13078
1470
5828
7886
863
9011
9232
6239
7532
11474
6865
4968
4132
7603
6970
5262
2936
11978
6673
7031
3062
231
582
13361
2611
11948
6909
11007
269
6780
11796
581
13303
8325
5629
10852
4759
13676
11974
8333
8777
13018
11067
6049
4484
228
3051
10921
8611
13248
3115
1949
4055
14270
3475
8192
12800
7000
1198
14607
11440
3002
3200
879
10610
3651
7904
10918
3183
1810
3126
3544
11510
4665
4817
7102
14277
7308
3642
13817
3817
9867
804
7705
14335
8337
4114
1413
267
11041
6700
8594
14645
6518
12595
3731
1180
4963
6648
8462
6036
1490
4180
14557
2216
10049
4662
11370
1481
6405
14784
3641
1919
4397
11025
10842
7839
4115
4434
9467
3227
6728
13116
9204
10240
2088
11761
13683
9896
7641
14820
8016
2421
5355
10552
11167
11683
6605
11458
14106
13370
11743
2552
271
2847
12459
6093
10606
10822
6490
11453
11982
14322
8102
10702
3425
10320
5430
7420
6236
11262
4733
10352
5881
3878
2383
3514
7541
7974
3876
12184
11784
14257
12241
14346
1484
770
1890
12904
5107
9000
7278
633
29
10972
5814
12747
5
12665
142
2375
3275
10303
14763
7661
12598
735
2548
12594
5975
28
14676
11442
10437
4536
13129
3483
1141
1978
7649
5846
1901
627
3246
9005
14139
8334
9469
10706
9282
6095
14146
13287
8275
9892
14085
14753
10804
10261
7791
4856
5308
1576
558
1577
5970
11055
10522
458
14385
9498
14690
14776
4248
9355
6639
3635
9071
3326
4291
14685
10956
7020
7133
10147
13170
11168
2520
7369
13726
6952
14046
8925
5446
14468
3107
1684
7716
10501
12473
6331
2835
3685
8574
11451
5756
10886
13475
11524
3260
3194
367
5169
8819
4378
2073
11184
5819
442
286
14040
7173
12479
4998
7871
2463
13122
1758
6967
8412
7074
7992
9199
256
13187
3367
6486
12290
2539
13147
4205
9201
11625
13912
3309
9389
7297
3360
10691
533
5268
575
4448
6250
10470
2128
7546
3821
1268
10721
13272
5350
9615
12393
2275
7844
8984
8148
9330
1181
10535
7948
4193
9965
12239
13162
1010
2725
9972
943
10420
6804
261
14902
12787
6785
14272
466
6631
2644
382
19
14989
1286
8996
3242
7089
10830
9546
10360
3465
9445
9662
9035
7755
13765
7339
4841
6881
865
523
12553
9702
6255
2478
5539
1755
7957
11527
14590
4974
12500
6081
6963
2929
8900
5324
2629
11187
10908
3086
637
14350
4488
5231
11628
6753
12995
10643
11492
7210
13336
1363
7934
2724
6078
10365
8988
11427
4052
4317
14111
8796
4373
11164
14551
1423
3015
9883
4521
6283
13871
11585
5655
2753
10903
2323
10860
769
7353
4426
978
14625
14304
1882
4379
8117
4144
4423
5021
2829
1465
2935
2742
8013
3592
7915
14165
13505
776
3472
12297
6346
183
9276
5391
6046
12455
1658
2690
2286
13382
12877
1659
14171
11938
9613
6633
2731
10954
12016
12613
14519
6329
7812
315
9416
2717
4292
5769
8020
1125
4689
4459
233
5898
5492
7692
9069
6304
10687
14974
7739
10731
9764
9563
13987
5367
1579
10922
10790
9309
8135
14205
5609
257
13103
10348
828
11263
6856
5795
13898
3022
11549
11660
8224
8682
12585
1503
14829
14632
9229
11668
1521
8229
12623
2972
2999
13278
12151
8061
3857
11038
11977
12431
7669
7044
1491
10615
1899
6472
6210
14447
14786
12039
5310
11027
9601
4468
11532
5252
4089
1195
3066
10983
4717
4409
14332
3524
1270
10243
2554
3130
14928
12797
10417
13260
13449
3696
7409
4568
4860
14100
14126
11496
12998
3581
12567
13502
8361
12971
1208
7715
4894
4496
6924
3841
4965
3307
13812
1548
596
9206
5678
11522
3452
1596
6595
10075
10786
2568
7314
10014
9664
2834
5973
7566
10819
8962
1439
12913
11694
13580
1765
13956
772
1851
12875
3763
14567
794
2648
11706
14407
308
10415
14324
13700
8972
3186
7534
13518
11759
5028
7464
9384
1549
8091
9735
9096
14659
11042
5260
12333
3429
3996
6694
11233
14796
13004
11970
9775
12425
983
504
13032
4940
9211
452
11353
11575
1662
10851
9345
3716
667
687
2081
9979
10249
5982
3324
11297
583
10451
519
12250
1075
13953
7475
4118
3823
7577
7038
495
12689
9533
5565
6062
2705
5266
13646
12876
10276
8739
2189
2566
10013
3031
5702
5786
7924
8512
4087
11552
4893
6197
11172
5022
13311
2558
5030
3111
13971
9235
480
11792
14156
1501
8736
2314
3467
10369
12559
8300
4550
3438
10791
3717
10887
1377
11437
3927
11654
4964
3497
568
4569
4466
8836
4608
649
4029
5642
6414
9876
2106
9540
10312
14972
3082
3106
2581
6495
13447
11470
2825
12122
3159
9556
6848
13339
1449
5234
439
8642
3645
3776
2932
1158
9351
2181
2450
3343
11111
3769
14591
1070
12711
6047
11026
4836
3178
600
8624
4745
5349
10023
12231
12513
5692
2842
13693
3359
8548
8550
2440
8445
12253
14671
12452
2764
8829
11142
5664
8713
2276
4464
7501
5807
699
5306
7713
4037
4786
5282
7783
118
3738
1827
2155
9420
7504
3935
6664
2259
10584
7598
5251
3193
5075
5451
4034
5679
11131
9228
10574
11488
1618
11739
14932
5817
2309
4342
10654
12002
12128
2487
6483
6063
9583
3012
11920
11003
5340
5421
3867
8190
11179
11
12246
14550
4285
13641
11480
11952
4076
2625
2470
5073
5311
893
8849
8076
2572
5093
7126
9554
14099
11011
8805
639
8530
13520
6932
3204
14172
4907
14510
11624
3791
12081
992
11574
7112
9281
1037
14768
9296
10031
14162
1778
701
1998
2459
1737
8228
7103
9313
7270
5603
509
11059
1378
9969
1941
10190
14188
1332
5574
7144
13374
13709
13434
14622
8671
6499
13328
10232
12827
4744
6071
8150
12034
429
1081
11191
10334
3240
10507
11034
4851
6610
5911
972
3849
5524
13459
11870
7543
5029
3505
8957
10503
3378
11951
9584
1328
1732
10030
13214
5359
14140
7729
14458
2476
7071
8506
9422
12227
7242
9333
10366
4081
9254
5080
7642
4962
8630
9605
13338
2573
38
3426
11388
8534
8491
7040
2891
340
5890
262
249
4009
6214
11623
1673
4035
11430
6839
5905
2739
8353
8688
4920
8252
1082
3825
3589
9887
1224
14801
5858
5055
9065
1029
6425
13291
9808
168
10037
9398
6754
2011
2776
346
6082
9018
3104
3800
4567
1275
12737
536
9730
5683
10741
5958
5146
10629
11518
550
4941
11254
11171
1020
14033
12630
10483
6816
4671
12409
14938
11178
5992
13548
2220
8244
2315
14488
5967
14748
8711
1840
14405
10186
12285
12430
1946
10754
11210
4937
12339
4479
1103
14992
6378
10349
7600
4857
10518
12035
10073
9315
12387
1056
1172
1834
1860
616
7417
4951
6724
410
6934
11984
12094
215
9993
10795
4398
150
8324
7730
5372
11287
694
3669
14400
11992
13037
9971
3060
11250
14451
3536
10011
8005
13397
2619
8011
12979
11698
10695
4988
13346
10821
7615
1693
12679
5115
2282
7471
4131
5856
11487
14224
13794
9419
1239
5745
9457
7529
5848
6624
8710
8398
12819
64
9277
11916
8729
12789
10755
5316
1996
8828
8143
11908
8922
2131
11489
8201
4818
6929
8998
11280
8042
4886
1842
2673
9553
96
2918
11016
3782
990
11705
4852
10019
7294
12148
11476
11340
3593
7604
5109
4797
13946
1940
9013
1473
3623
6803
10463
12654
8949
14347
13216
6466
6073
1874
9995
10598
12751
9105
7158
11395
11838
5676
4284
12724
1878
14825
13699
13253
6523
11799
12824
5035
14306
14432
9599
1166
6831
2071
8862
5195
2682
222
7612
4201
9176
4921
10474
3047
51
14284
4552
12247
10487
12569
2243
4161
5377
3902
1098
8003
10560
8095
8478
14016
5836
14881
8037
5841
13951
14013
8370
9525
11666
8165
10357
554
3479
6537
10435
4728
13208
9897
10553
2206
4747
3680
2137
7841
9631
5557
14415
1552
14679
11612
14792
3282
11343
2636
5400
6316
6729
13240
10281
1337
2810
11103
5074
8559
12398
7434
9508
9661
8378
1907
3136
8105
1822
12606
4358
1045
4228
1664
2677
6514
6196
8542
3122
6886
10787
13824
6163
856
14738
10989
3570
5144
3693
8238
2486
12802
12046
12179
13093
7590
8667
11781
8070
4530
12440
11321
1464
8609
13969
9481
13769
8675
3998
5041
3508
11704
12354
4470
6732
618
14497
13997
3420
12157
14521
7128
9344
10060
13392
8031
11121
12796
7652
1432
13698
1440
6745
4756
13413
13153
12390
11541
8265
2290
2941
6782
12109
12048
3730
5932
6872
7861
10003
7276
7300
5864
10953
12666
2098
1568
10738
1608
1035
4892
11354
2380
9753
6612
6749
8474
9412
4013
6462
2670
10793
9623
10076
716
4959
14910
985
2430
2306
5210
1523
2721
3947
320
13763
3632
5916
4265
7247
13947
10971
8608
5617
9014
5582
10472
12839
6577
4152
4913
11720
14684
3199
3615
7819
2945
13986
3108
11056
5060
4007
1694
4164
3161
11064
5875
7001
4367
2110
14984
8286
254
1310
8329
10963
5456
9208
4994
2351
8868
11249
9042
2191
4923
10300
9026
6123
11846
3568
9218
9959
1317
1206
1499
5424
13496
747
2830
2284
11965
300
2699
12221
8222
8104
13578
5746
13600
6961
5458
6401
9247
7702
4233
3609
9219
1902
13921
7070
9258
11531
1740
2283
12061
9474
1932
12342
9996
14544
8977
635
14191
241
10111
13279
9904
2060
10220
2697
845
9871
1389
7311
8349
13851
13900
9083
959
6896
13515
8472
8062
9720
3385
13263
4121
2921
831
12224
3255
4123
10991
2784
12038
1724
313
14600
1934
8318
6910
5730
4643
560
13157
7132
10382
13038
2120
6252
14119
11000
11092
6588
9109
6169
10567
14276
9859
6120
1217
1168
13686
10769
14757
7299
6217
14827
1041
3837
14603
5499
6661
13690
13917
9634
12373
6530
3295
10078
980
8446
9164
7088
9761
11397
4315
7508
8120
12505
3874
9724
11401
7154
11689
8787
3718
63
11885
14564
2898
10286
5579
10825
11030
14681
1818
5070
391
7549
1744
1622
9370
1936
2167
12369
1519
1386
14337
791
12618
8597
12675
10528
3928
13875
8755
13766
1515
2012
9180
14528
11922
9305
11811
9555
4668
10569
2330
8524
5824
5686
151
14963
12190
8408
2246
5452
14978
752
8880
4024
12451
13234
13224
3672
5186
2176
3437
1161
2578
11889
12899
7765
10521
2919
12769
11813
7570
8312
3277
12371
5812
3387
5747
11497
10372
4219
9958
5157
196
7678
4527
6827
10338
13415
4155
5379
3745
4073
6998
775
971
227
933
9168
7737
8098
2512
782
6285
13747
4574
5595
11456
3868
5076
7194
1003
1985
5053
3852
10006
7370
12295
1828
12803
294
6229
5902
3794
1287
7009
1250
6029
12952
14423
10217
549
3802
1562
5972
14
2065
7522
5796
1488
10835
7165
4239
10964
9413
572
13144
10313
9274
10865
9397
13891
6448
12664
2287
9986
2634
11710
4054
11133
8635
12293
10324
8724
12036
4406
398
13750
10130
8403
9418
14362
1798
9119
6268
2740
2093
12676
14982
11883
12434
4084
8161
7026
8537
12130
8087
13424
14147
10316
795
13530
1480
5964
8521
4831
12133
9728
2280
4936
9672
3340
4895
11346
3145
3579
4340
4356
5575
3030
14804
14693
4179
2387
12156
3149
3254
4478
3321
1330
12847
9890
7030
10292
4634
2803
9373
9994
3540
12396
11937
5585
6282
10800
10902
14832
14807
10287
10362
13161
8795
5233
6511
2691
12562
1367
7919
11910
1122
3521
11107
10727
2964
11801
14486
10729
5283
14824
13219
8452
14444
12597
930
13351
12762
1201
13113
4871
11814
334
14925
13536
5459
14160
9939
5347
4501
7160
8741
6070
7526
14856
3079
5701
2669
1151
2293
12531
2204
10051
6026
5396
338
4910
4376
3934
14153
9495
10676
10176
9868
6740
14215
12565
9402
4644
7688
12955
6303
3674
9550
14307
5457
11274
167
3488
11758
6684
11538
5790
404
6683
9075
1837
14838
14000
14877
12470
12900
8139
11220
1453
14158
6621
4158
807
11603
14031
8552
7426
3840
4079
11409
13523
378
14548
13229
5770
13243
835
14208
7468
4438
11844
3649
4891
5099
13618
11077
3764
6622
3180
14835
6335
14141
7498
1188
6599
8808
4006
10981
13594
11367
13484
12674
2445
940
7745
155
9505
209
10562
2958
13609
7969
13889
8644
137
13169
4227
6738
14273
4198
13283
14701
1466
7816
11547
1348
1001
5179
9962
8860
4296
9886
949
14901
5831
14966
1638
2869
8716
5224
7364
6211
2908
1049
11690
5997
4046
2241
6016
13275
13878
7351
3954
7742
9504
10546
3786
8435
8663
10306
7855
11342
13720
10452
3083
6201
10282
11129
8386
1656
1044
4872
253
7829
654
5536
2117
9463
12973
13372
6846
13334
387
11449
2800
4430
6822
1366
13905
13861
8580
5581
9032
8297
11586
8137
14981
7554
3300
7479
12469
9589
4306
1477
12020
2789
9437
4614
10848
866
3533
12611
7663
12655
11314
14888
12225
13716
3599
12014
4843
3280
3952
6216
13804
11855
9284
12099
10591
13521
5048
8789
14939
5545
8495
13143
5243
10890
1232
5176
12427
287
5204
3594
10148
1274
10893
2496
7502
6279
14924
12275
12932
1580
4805
3557
12384
3318
7218
10441
1203
1104
1725
5142
767
8140
7079
11347
13049
5389
9899
8243
8893
7727
2112
12914
10492
5889
1290
12927
12534
10730
10058
7936
3637
1508
4542
4654
8080
6697
14128
6225
9656
7961
3171
3639
12174
3551
14585
9108
14062
10146
8847
12736
10616
11231
5027
12092
2547
12058
10538
4148
9937
809
1604
10534
6231
5626
11548
1926
34
2758
5193
1757
4134
5346
6385
12447
11774
3339
11243
11682
14549
2050
14843
6576
7398
7423
14078
2614
5723
11065
10957
11641
10077
7337
11101
9266
8331
3759
5531
9098
10336
2138
11587
9154
12511
1463
4878
8138
705
11273
13746
5426
4214
12760
14411
13638
11773
14355
8088
1793
7159
2119
13389
14944
1385
12049
14990
565
12317
839
7540
12588
14547
8514
14915
84
9604
6170
6243
715
1462
1015
14300
4765
14507
5300
2957
93
13054
5618
8803
197
3872
3886
1022
6320
9332
14527
682
359
6692
14851
10337
4050
2906
3448
9572
548
5979
6680
5239
4299
6096
13085
14204
8622
5106
934
8443
7233
11198
3003
14770
2273
2893
12283
3617
5969
4658
3344
6301
1657
12788
8164
12889
13573
9486
8058
9650
10586
10278
2107
5213
3408
8470
14841
6429
2899
9718
1920
13635
4753
9250
14819
6150
12249
11491
14072
7989
1355
13561
5920
8328
10233
7576
11762
13583
7305
10419
6311
11957
14321
13784
11345
7063
12983
14704
5192
3956
6330
10495
4492
1726
1780
13489
13918
8505
14852
1751
2892
2676
6866
13873
1132
3941
1080
9407
8830
13658
7492
4731
11013
4990
5514
7266
5344
6368
9024
4117
10760
11501
14765
7466
11215
1460
7921
14135
9880
5960
709
10950
9817
13629
5995
12477
11692
7263
8650
9007
5844
3312
964
9657
11605
3036
5519
11390
3109
4909
12525
13009
13621
6206
7460
8335
4129
605
14456
7847
3262
1933
4997
4939
13791
5802
6503
7393
2419
8053
8239
3093
14454
6993
908
12456
963
7624
14226
4914
6766
4821
6864
852
4524
9358
4245
6644
10536
10490
1227
11149
1257
5771
8804
13602
14184
4049
8291
2998
12298
11278
306
11857
14620
11481
2443
5145
1872
10002
9693
13701
5709
11469
5083
12149
9478
11633
7358
1247
103
10109
13863
3993
6720
6858
14030
4529
1806
12671
1204
5874
14951
6940
11472
11914
1190
6739
14847
7336
13975
5892
895
6567
6731
9328
12055
13932
14778
4578
1945
13984
1493
8750
11733
4602
6964
9127
7530
3884
6750
50
14293
11925
12723
4257
3148
6390
3364
12030
4033
7725
86
4563
11997
11629
13473
5200
6791
3619
4877
11777
6004
12936
6542
482
11726
13751
9726
6480
1084
438
14047
10098
14806
12336
4042
13442
7981
13109
11174
10827
530
187
9902
6104
6885
2118
13685
13571
8316
12554
1603
9060
2744
12754
13832
12368
12854
14864
4890
12703
5299
5794
1925
13206
47
11960
4874
1005
13456
3890
4849
1832
802
10985
7096
2794
3394
8090
4078
12442
11399
12951
13542
6271
606
3447
1478
14588
7595
9793
3459
5168
13077
1140
8798
12972
11300
14192
10488
13513
10093
5197
2092
10683
9454
14887
5431
14697
10888
2328
10193
8764
6569
44
66
12506
14873
2878
6634
1034
2984
10801
2085
7902
10631
12162
3748
2505
10679
6181
3859
14353
12755
2913
6784
14520
14872
1301
7588
2788
13348
1340
11467
7062
5778
9490
14897
9648
1631
11031
8476
13939
11061
8171
4273
4638
212
13245
11693
8022
12581
9374
10105
9471
11405
8669
1404
12897
11225
1686
9681
4904
5658
4300
7877
11631
10209
2966
9779
12233
12177
13528
11678
14217
10780
9992
13688
48
6986
13056
7378
2831
7189
8477
1174
14722
13318
4722
512
4518
1113
1272
5108
8765
881
731
2757
12869
7943
753
9593
1455
3975
3315
6522
12033
11194
520
8180
2684
6067
7912
3485
7268
1879
13250
7878
14064
6536
13675
14052
2488
5926
14927
1799
6371
11237
9424
12329
4194
11098
2592
9025
10984
13404
13992
2881
12107
8380
1575
1510
7424
13895
8561
6559
12610
7960
2303
6852
12739
10779
12720
12113
14503
6546
1883
5587
5024
6916
3231
12366
415
12528
12100
13006
5541
11724
6
10033
9066
14638
8100
2885
10577
7800
184
9288
11047
10970
724
3854
14474
11182
11821
648
5761
7257
13554
363
1428
729
3957
11455
10974
8519
7746
2643
7673
563
190
1567
11301
11627
3156
14446
5411
5275
3695
2361
1120
5163
3464
8188
7134
12767
13721
12746
5974
2130
8130
647
7499
14193
6876
14641
3785
6914
14379
10317
6105
7476
2094
43
13911
9298
4226
12000
11479
6882
9512
11805
14376
10666
12147
10933
3673
8533
5307
14426
8728
1525
4485
6812
13052
2801
7421
4580
10889
13053
3656
2043
11670
9192
12880
7991
2370
2489
9653
1802
6267
1314
11206
7734
358
11873
9841
2046
2358
4946
14953
11560
12893
460
5886
1237
2922
10663
4541
2263
14299
14387
2255
3057
10778
12340
9878
3284
3863
5001
5901
1087
11189
7718
12517
8563
5908
4819
9268
3476
8162
577
9104
12335
2909
1666
1235
11525
7717
8651
81
7559
6230
89
9308
4012
849
7348
14814
12734
1602
3162
3987
14493
13163
4911
3120
5190
3389
7372
13613
3058
13190
6136
13329
1046
1414
3820
13344
13168
4830
9433
1702
10874
7537
11634
11610
1773
8891
3368
14015
7710
9484
13461
3362
5274
12692
7014
6777
11219
3038
14175
7962
11431
8492
6871
10224
4839
12358
13041
2296
7605
11827
11545
13680
5699
14039
3477
10183
9910
14239
12942
1261
5079
14494
11100
5830
10633
12519
10476
4970
6535
12669
2386
13089
10895
13491
1371
7757
5999
7761
2033
6052
11258
13345
14876
10160
10611
13793
9380
237
4867
14278
5067
597
4088
6719
3830
5570
455
6793
928
4151
2142
13509
3455
10178
8863
459
6759
10794
1091
9428
7029
9039
9869
14061
5369
4045
6220
9799
4375
1096
3100
10817
10710
12953
4943
2883
10966
5043
4661
1943
9705
13549
7216
1609
157
10743
10096
13227
14231
7341
10154
9801
1864
6442
993
377
12956
10737
11881
1522
2240
274
10418
543
6298
10494
8841
4695
7033
5250
1533
13171
5228
4014
403
14302
7510
1944
5750
952
6372
225
5712
12011
900
6281
9621
3990
6183
7874
2041
6359
6098
8646
10917
8659
10692
8348
6507
13787
11162
5212
4309
11118
8021
1119
13480
3181
7357
9864
6028
539
4639
14764
3554
8227
14629
12741
6884
7447
6825
8044
498
13184
13749
11387
5878
12258
13929
10772
2995
12832
14657
7561
1727
3399
2522
14134
12134
2308
2769
6493
13026
5133
8963
10613
11990
5269
13707
5965
3325
6703
7990
10117
5450
7942
12280
8441
4605
7028
9531
145
13179
8733
1770
12831
727
3939
8940
9784
9877
361
1605
5806
6274
1214
733
2683
9514
1256
14059
11369
3327
2157
10319
13849
10961
5584
5443
14464
535
12376
7361
11760
7927
6202
8509
13414
10759
4897
5508
7402
1838
527
11137
2013
11070
11355
9361
4743
14320
12668
8288
5336
11752
12418
5483
8126
12334
10309
8774
486
1210
9327
11483
12066
3253
7721
5740
13870
12549
7245
8656
5909
6113
2154
7881
1033
14313
10845
2930
10806
10558
5573
7621
12444
1559
11878
12681
8596
1590
12523
13180
14615
6134
1106
13220
11359
7779
1494
9263
8338
2756
2754
7374
3686
13097
12191
13553
4216
2537
7682
186
1958
10079
11239
3116
4861
1067
12811
8906
13269
7928
5044
11905
11436
1610
6792
13072
1069
7738
13934
10345
3912
11530
14081
4349
14424
7018
8285
9907
688
9383
3124
7271
2750
557
3532
9929
579
12845
4325
11772
3348
10907
13504
9749
3042
4113
13086
9181
12774
11558
302
797
10814
3223
8366
3665
2143
13996
9559
5673
13043
12083
11485
2067
8255
4190
13756
7804
8814
3653
2213
11503
10881
4283
2175
4780
14598
6552
5610
7523
697
4630
6286
6227
5489
1434
12708
13775
8147
7307
10440
401
6370
2115
9716
6642
14795
5423
9279
6141
3989
10277
1898
5337
7106
10099
8280
4713
7752
6379
5040
8010
14817
12698
4150
922
8375
12482
6205
14898
12485
919
13943
14296
7093
11394
11014
2612
3453
11785
5502
8073
9833
2294
178
1660
1979
258
14254
10274
9790
11709
6502
13460
10396
14662
4457
2527
13247
1974
8382
12994
2529
13644
62
10701
3433
6272
4328
4545
13239
561
6481
5665
1634
4103
14631
11884
1373
13130
2425
7137
14595
12344
10498
7838
12524
868
7320
3158
7857
14282
12916
1538
13854
3032
2027
5162
301
11123
67
13735
250
3597
14177
4474
6441
11917
12700
7550
11410
1368
4059
365
6059
12441
8990
11866
1739
9401
12352
9271
13289
8454
11639
7906
4380
1790
7179
12284
13233
77
14425
6487
6920
7982
14747
8200
861
14422
7836
5332
9510
12919
5090
9438
14366
8071
13963
6763
9194
14003
1569
6146
9688
13102
685
12895
14979
6841
6736
10506
3230
1655
3061
1445
11646
11414
3973
450
2484
12959
7903
5480
11078
2543
7589
3112
1772
10594
9811
6333
12801
11432
9485
4302
14818
2994
8511
14859
5757
120
9843
14971
13558
6665
2944
8648
9827
11931
4539
2364
2599
12661
213
3875
6295
9773
10871
8753
14098
6549
13181
9237
6032
4775
11973
982
5491
2015
5435
3298
5672
85
7563
9636
1927
12183
7429
2824
4816
2904
7184
2651
3506
12182
8831
1476
14487
14409
10092
11976
11411
14781
2017
9044
3994
6077
2261
2423
3005
430
9292
2051
9001
14611
5739
5758
1699
10120
2902
13058
12132
14941
9492
5859
11771
11266
13704
8879
13398
6810
350
10592
3076
5695
14481
4083
12626
3468
5272
2925
12007
11017
5721
14674
7073
3290
4235
3129
9710
3201
5857
2513
5094
9148
5220
14592
6017
10732
7442
10891
3945
303
7929
14137
14535
10026
14116
12686
14143
3179
4879
3827
4101
11622
2233
840
5624
10404
5551
566
8447
7139
10158
12881
14766
1520
6555
3896
10207
10321
12848
6269
8012
507
4278
14483
5361
1761
2955
1592
12573
10180
336
913
91
9392
1696
3435
1632
9323
12694
11158
6305
2524
2005
8887
9824
1594
12195
5903
7623
5873
3219
10095
5428
2381
6943
846
2428
467
9139
12435
1613
12607
1023
9086
10016
2342
4334
1079
14577
9500
7222
6933
6561
10587
173
9645
4322
12172
13400
14750
12466
9287
6894
6496
6153
12305
2321
13091
8019
6476
9117
14587
3995
10544
13205
4462
2153
2836
87
9072
11969
14471
12346
2292
6193
1471
4537
5100
1229
13540
3729
206
9917
796
8482
10012
12138
5945
8912
4702
2569
3983
6040
9713
14266
6635
12628
7931
10254
4935
9642
3700
9364
11330
13000
2345
14668
3919
1847
13510
7301
13204
9600
9609
2664
13114
9930
6676
2059
14357
8583
8748
9974
10428
1380
10872
2521
3893
9708
1240
5947
4064
1197
7108
14430
4986
8923
4869
5152
3256
7302
11327
8175
13387
5354
4476
1545
11148
12892
14913
1073
1153
10542
6735
5170
860
10164
11138
3236
9134
5651
13462
3905
7280
11407
7693
8695
1671
1530
13498
9222
12208
2546
335
6143
844
7386
2299
14097
3807
6021
12251
10815
1990
10039
6179
13529
10599
7428
6068
3962
14687
11826
13185
9114
11516
11104
12229
8205
10326
8248
13742
10924
13001
10136
7230
10744
1061
11778
11593
11741
6399
5500
859
14469
13957
7826
3771
11791
8752
2248
11393
3008
8842
1099
8084
5560
5418
8436
5675
10836
6199
8516
463
5661
2760
1981
11392
3835
9012
9425
6419
6307
14890
14578
9795
4523
8317
9146
5984
14449
7035
9665
14403
10107
11028
10770
7059
12372
8
5105
1394
4961
4822
5725
12102
6439
4096
1955
5717
4040
1303
3421
9334
12437
135
5217
4562
3160
2024
5703
10056
8547
7958
643
3335
12047
10427
5635
14199
8116
12685
13223
13202
11006
11727
41
3851
7296
7630
7458
11927
8448
7614
5583
13268
7917
903
6581
2205
4384
13677
4491
2564
2196
9366
11310
14436
3189
10434
7551
8908
13402
12116
3590
6712
9845
12652
7360
10763
3936
576
8327
298
819
14710
14937
290
9745
9920
1910
9732
13655
245
2655
2852
7209
14794
12822
10940
6672
4508
6748
6667
8008
13360
13848
12407
10055
5733
7672
14826
4428
10328
13178
9581
13755
14292
1094
6833
7827
11091
5527
13743
937
1202
6162
14601
1599
205
9909
9329
6531
13962
3341
9234
12145
4766
1343
1869
1735
7891
740
270
4610
11499
6606
3458
8785
14529
10102
10677
1350
3640
9331
2642
9046
9748
5149
8118
5883
3443
1163
11947
2334
630
446
4645
5694
12503
418
394
12593
2479
3917
12641
3822
12602
13050
2638
12351
10421
2441
14083
14207
2010
3847
10808
10368
5218
12714
11688
8572
2817
10959
3271
4912
140
9770
9138
8941
10987
7507
6838
7896
7753
1908
2821
3815
8072
13159
6087
3652
10202
14060
7118
4992
2147
5497
11128
8942
2007
8532
14793
3933
6947
4124
9021
10634
545
12512
588
6280
7810
11015
11983
8307
14068
9339
2856
10559
12291
10885
12377
9224
5753
12752
9016
4900
13582
9985
4727
1258
6790
14821
11033
11569
6065
12938
10141
13236
8901
10537
5744
14922
5829
13781
5198
5375
6926
4224
14965
11139
7980
11993
4896
7509
1223
3773
7449
24
12199
6985
14349
8603
8673
9854
9501
10464
5130
8024
13674
10861
4418
3799
8167
10896
2693
3303
9731
4972
4607
10346
12141
14305
2100
3249
273
8000
4495
6510
11775
8869
744
1836
9396
11177
6574
14700
8056
10901
1243
2417
4141
3744
4704
4181
1753
1062
12385
2894
712
10045
1730
9733
12178
13299
414
14148
5910
12304
9528
6799
967
6898
6474
10879
13119
13566
10175
9033
4848
5061
3943
6187
10222
11529
1351
12574
817
3409
8883
12117
2397
9519
9226
7142
9873
12170
14725
6418
13800
6334
12757
1645
1643
8562
4706
6142
284
6645
9295
14673
11086
7835
14929
8086
7178
962
12245
7820
12568
8303
5600
1171
11186
9354
9952
12462
896
9687
8616
2761
6813
13107
3131
9223
14010
8684
4633
1922
2236
8784
11484
14746
5323
7439
4388
10509
12160
9536
9697
8719
11534
9095
12621
1265
2352
7323
10227
12209
2591
6336
6421
5731
10508
1116
14948
659
7863
8815
2857
9489
1646
5835
12533
4463
7937
2685
7176
10380
2604
11783
13993
13786
10302
12196
9565
1475
4213
10153
11331
8904
10799
2408
4277
810
14584
9107
8204
10456
12836
1131
1255
13335
416
4982
9155
7338
6801
7042
690
10001
9099
9502
979
3793
3338
7254
10114
2934
14962
1222
14145
4854
9955
10448
3163
10040
14728
6607
1231
12211
889
8825
12576
10122
12776
1199
14610
5058
2924
14450
13454
1791
14159
11638
736
8183
9516
8758
14118
5606
7650
13341
3431
8181
8759
13547
13423
7849
3839
9723
2416
6177
14372
3405
12242
70
4156
10034
2072
13761
14459
1179
6407
11498
1456
3239
1762
12327
5588
5183
6048
13258
1892
4321
11722
1886
10545
5374
1742
3777
9953
12313
10393
9725
12012
1760
5645
12850
2080
11854
8423
1154
6299
94
7104
5934
4425
11429
7253
8273
8314
11751
5205
12563
8848
2658
4782
9147
12032
14597
1500
1841
9754
5490
14498
3519
8157
11592
4670
12467
3092
4240
7569
12507
9388
8304
6981
11728
10376
3192
7145
2511
2828
14723
11754
3659
10680
4522
12582
3454
6840
7759
7097
9177
12858
14919
5122
4657
4018
4960
7897
2207
7239
11747
13783
3397
8417
428
6509
4256
8549
10007
13292
5978
1786
4723
13897
13966
11261
8439
7767
13855
9031
8468
8568
4351
9169
5715
2594
2044
4584
9369
2004
4853
11375
4410
9049
4401
5913
12696
9587
10726
3146
5866
8589
13718
1651
10993
10480
3572
13990
658
9387
10840
9023
3711
14342
8586
650
6468
5256
11193
6678
12357
1447
13802
5238
13968
5054
1905
9280
7135
14675
13030
2596
10781
2451
11066
11764
7425
4621
13591
9116
7061
5005
6342
4094
2055
12898
4056
3404
6584
2424
11213
9918
750
2146
6339
3614
12359
14026
2460
3585
2
4834
5567
1858
8704
10053
11721
1040
5698
14741
7659
5175
12891
10364
7265
10832
11840
9977
10169
506
9610
6034
11324
4967
1169
1060
13412
8778
1541
1133
1381
13256
9244
9923
13371
2234
11454
10704
9487
4337
10667
9638
12382
9341
7200
12378
5751
6080
10085
5121
9184
12812
14604
4975
5800
2618
9860
1752
2363
12617
12804
1071
11157
2977
14882
1347
11887
7470
2258
8978
4170
203
12817
9945
10353
13806
5329
2560
10705
12240
12815
12759
2031
2947
2109
4116
10446
7472
9826
8245
11308
3084
5437
1554
10866
12124
3687
8801
9393
4168
957
4490
3118
9221
11161
6847
6270
13998
571
479
5125
246
14596
12197
6094
10215
2703
3
14999
5313
3305
14993
8106
8494
6208
11043
6383
13764
10310
14952
10457
997
8647
9326
14637
10341
10112
1650
12726
9588
9865
9830
13772
6608
9861
5546
4589
14048
8018
12970
2257
5486
11546
8821
12939
4625
10543
1635
2316
14398
9246
11108
8251
5019
8857
13497
11018
14571
12853
1642
5880
12980
6649
9202
7004
1600
8639
904
12140
8793
4533
5509
3580
9073
1551
7933
5591
6221
2565
312
4102
3457
2406
10655
7913
8394
11806
1685
3688
14908
10394
10293
2318
1703
2532
1587
12690
13364
11915
3768
4450
13319
3263
11730
8513
4681
14020
2070
10383
7617
11140
9884
6469
7867
14720
10531
6302
3726
2433
3944
6554
5498
10458
3537
5547
3006
7564
8409
6783
9431
13740
10784
848
14579
12257
268
12921
6513
13789
6987
14956
2555
369
426
7411
6174
10847
4455
2372
461
14525
813
13124
10327
12493
8054
8761
8405
10609
13982
12509
7240
10332
4631
496
1427
12052
3690
11736
9814
2225
11735
14428
11702
5051
1913
2224
7850
13074
4700
2037
12429
7640
11756
14733
3010
942
2660
1690
464
11088
7911
1047
13577
9034
7956
5653
12029
10239
7332
7825
6758
847
7557
1059
12862
4507
8668
5088
6259
5111
10318
3013
13941
3336
10200
13470
14642
9248
5007
11697
8473
10944
4835
5278
7586
8894
2162
6539
13776
14848
4169
12883
12591
1774
14259
9186
9290
1421
911
10831
4751
11019
11954
8078
71
13127
13807
5327
10297
13610
7993
9436
878
11537
14830
7322
7674
8028
124
1055
4989
4130
8807
9260
12060
10583
5096
833
1092
10381
8418
1896
9900
7515
5876
11508
6386
4613
14036
10617
5237
11334
13302
11095
9149
13887
13182
10129
8266
8722
1315
3380
88
6436
5267
1458
11509
8497
12944
14536
12106
4396
9029
166
14377
4742
8832
4868
2597
8404
5894
8504
12777
7648
14664
5470
12985
1093
5462
6626
5002
5229
10179
8189
11404
13474
5319
2877
8629
13865
12065
14365
8364
13193
505
14027
4288
915
14562
13679
5571
7679
82
6923
13568
3631
9357
2951
9526
8709
3154
2749
6582
8965
842
2028
4254
1967
634
9762
14630
3480
12468
12276
4178
10725
4615
12923
3701
13083
10081
9597
14408
14834
7914
2452
5493
6978
4557
7662
13265
4196
11967
12279
12709
9800
995
2002
4635
9231
14285
3393
6819
4579
14823
14691
9906
7574
14810
7005
2264
8771
5748
13643
5015
11577
13630
8485
9776
13576
159
7601
5433
3810
12950
981
3648
7060
1443
11373
5940
12296
9464
2680
5309
4667
5454
10063
13368
9088
4085
3755
11241
3979
10575
6807
1031
11637
469
116
3294
7635
14404
1030
1856
2854
1612
2335
1288
5467
12906
9643
2374
8247
1358
10263
7011
5877
7714
6722
8340
10459
1472
13296
5191
9620
14236
12890
10519
4359
13499
6768
6064
10187
6042
4842
5469
9916
451
9682
2453
5930
6915
8295
8413
8811
4305
14880
3342
384
8035
9523
3139
12756
10119
10142
12167
3105
9608
6007
4793
6233
12521
8573
12825
9596
2874
12310
4497
6145
4806
8910
106
13381
2553
5647
5816
13478
7708
12579
4582
7565
10244
4074
5284
4737
2144
11402
14845
14290
8835
5120
4253
99
12719
11073
5522
12262
5704
6409
975
12139
3576
1970
620
37
7237
7782
9758
74
9630
6261
1729
5861
14401
5118
7758
14129
14643
14235
12186
10195
9655
9067
8033
10828
7054
10424
12028
12428
12783
780
7390
9797
3043
4437
10172
12111
7749
8693
525
7293
14018
5998
14049
6008
5357
11987
668
2723
6101
6505
4779
6516
2841
13974
8004
11478
7355
8479
9663
2923
10475
12761
1766
6191
8952
10929
793
2778
8221
4952
8155
6873
14871
5420
5728
755
615
1736
8926
9118
10333
4624
8282
1177
8194
4864
9151
10015
1150
14569
255
7885
6590
4311
3187
8206
11589
3740
7387
8872
3538
4503
7295
4865
13757
10995
10923
11731
12089
3541
11769
641
5738
7122
1117
2297
14666
14912
7582
6241
11655
2057
13813
13429
9684
12353
4703
14672
7352
4405
9385
14181
9004
3185
1976
4980
189
5385
1553
5020
8287
14283
10910
14149
8892
6061
9002
10854
14421
11049
11972
8217
6620
14647
6294
14698
4694
8987
10728
6326
14133
14682
1706
3795
12136
1057
12023
13166
2613
12945
1259
5071
9200
13055
14352
12701
13270
2091
2545
11513
13231
2780
2368
7965
12495
5360
5938
2448
11317
6842
14348
14303
12062
11181
12121
10363
1857
4735
6433
6411
13557
9738
10602
13771
4106
6913
6209
1191
783
2040
4362
14678
2896
7971
13376
2809
4628
9408
11564
9837
1312
8083
6417
1951
8323
14699
13908
13884
7379
3446
3760
10863
4486
7272
7474
7731
11307
12314
6709
11039
2468
12784
6928
8170
14499
12216
14163
10298
10722
5729
8168
11617
9003
220
4031
10645
1306
5860
5891
721
8051
7868
13092
3972
5577
1339
746
14650
14816
4845
9045
9191
8662
1309
13960
7082
3836
3911
14526
2689
13526
7552
10429
9836
13330
10856
9901
5625
7231
10816
11923
6444
8101
4347
11556
14751
5064
3069
6234
14252
14886
8420
2766
5189
12150
787
12001
9129
14583
11609
3319
9807
12928
289
3470
12392
5464
4250
9215
6630
3930
10377
9267
13494
9378
4855
10355
14023
1213
14345
11810
11681
1971
20
11350
13624
13767
13882
1142
14249
22
4924
3583
14917
1512
1748
12578
10846
10127
14402
1997
11221
11275
3165
10948
7067
3176
14760
10669
2722
4771
6083
5042
14438
6085
4590
9432
12635
13215
490
6855
11718
1341
2087
14367
12180
4348
13445
7480
14093
12637
11060
14977
3195
5855
6273
5615
3627
1942
5206
10028
14323
12234
1497
14470
11929
13669
8174
2165
56
8066
4249
8817
9189
10946
3048
12960
10008
11663
13777
4973
1390
3278
7485
5338
3723
12176
3306
4259
2009
12545
2738
12931
14686
10632
9948
2058
9875
11288
4442
2150
14911
3226
6953
5331
11339
11893
10206
2531
2064
12306
8696
14541
12059
12934
4977
1741
13661
3756
9558
14969
858
14431
5352
7193
8298
14186
14442
6223
14703
1051
6723
13061
8109
9541
10873
8260
5069
8641
6352
2620
10189
8372
6525
14413
13232
10036
2982
855
7524
2279
2858
7274
14729
462
4413
7363
1518
13869
2687
3942
8794
2030
14230
8187
10074
357
10928
12821
147
2849
4225
8172
2525
7626
3767
3882
8657
2666
2249
8903
2617
4262
9617
3999
11519
6658
12929
1269
12108
10225
8220
3873
4691
10597
6343
9788
10619
3070
12118
5882
6362
10088
12465
4268
580
11021
8261
4204
11940
1108
974
4945
12536
10181
1277
11912
13183
11238
434
5295
14203
1796
10066
3704
6107
12764
10304
1733
8992
13394
1026
8488
2540
5542
7375
11344
14849
5012
3000
14514
9874
12115
1570
7531
2214
11089
1641
3487
13815
5484
7291
5147
3430
10520
10134
1738
6890
11268
14441
12792
5990
8015
5643
14179
10876
3713
12616
7794
11647
12230
2518
2221
5351
4441
14319
10932
9574
6408
11223
13662
6867
7822
2961
6869
8057
9835
11853
14210
8310
10689
13706
14560
14988
7736
10489
1537
14516
1182
132
853
4814
12986
7452
3297
745
11209
13098
13003
13847
5410
4650
7333
13228
14695
7528
13820
3352
13362
8169
8388
14677
4683
4297
4676
10716
6038
10000
3018
13642
10061
7181
12263
6332
9106
3634
3007
6355
9458
6158
2796
12043
4090
12638
13625
163
1866
14168
13033
5259
7584
12658
619
925
14921
12303
6443
5151
3618
7670
1248
10711
14037
10116
8655
1285
2631
14994
8677
3493
8281
6454
10301
5594
5619
8384
9390
11058
2456
9980
7431
5314
10455
9453
4707
6556
14788
1619
7677
7381
10969
8621
2633
2346
3451
3056
11812
14660
316
265
12483
10994
13410
977
9020
7866
14466
5265
2872
6627
4176
5436
2551
1821
12857
9307
723
2132
693
4493
7947
8636
9834
4632
1225
3028
2242
9942
6526
8402
2267
8897
8464
10660
10027
2853
4458
2312
4217
3612
8877
4171
6789
3132
4467
3683
5727
2327
6971
11099
8306
2014
8079
489
1077
5929
4829
2490
3736
12461
8122
13955
13559
11895
11259
10912
7328
5159
7545
5986
3134
4572
11242
9771
622
5138
4926
5656
6178
1393
6300
2454
1717
7952
5095
3379
7461
12008
5639
10878
6671
13309
3741
12299
1013
2639
7703
11303
14075
11020
14947
3819
12516
13312
4174
8890
4044
11315
10481
2542
5849
14517
8278
10674
2694
9037
9951
6843
6982
4417
1157
8302
8344
6139
5416
3188
12217
837
6675
8585
5663
10322
7212
12748
3739
7776
7095
12864
8233
14025
11876
713
7750
2910
4341
13856
4597
14262
12920
2541
13048
6902
2973
4622
11326
10652
13209
7823
6412
14558
2988
4790
6906
2681
9847
1795
11318
13728
13021
8341
9157
13575
494
1995
4698
7994
8308
9928
13620
8740
7395
13640
11856
6887
8284
10399
13356
8322
12609
2274
2152
8637
10941
6160
4019
4449
13094
13617
2933
11282
7848
6936
12069
3102
7496
2846
9712
14391
2807
10020
4617
10035
492
4460
4343
6921
3119
13650
10143
1319
4653
12073
11684
1560
8619
454
3988
11845
6147
6148
9448
6682
5036
13628
14122
10867
2079
13293
7613
13913
5257
9233
2702
7099
3063
13101
11190
8065
208
2042
6725
12705
49
11732
8153
8718
3806
5646
12316
1968
10054
11143
3350
14360
1234
6850
7491
6135
2211
954
3208
12577
10064
8256
3113
9496
6811
11568
8268
3565
820
3304
6361
3511
14138
14627
9895
10973
7382
6566
11864
1734
10108
9683
3205
6118
9690
6434
4053
5616
553
13165
5225
170
2650
6821
8199
11514
8886
1126
1496
585
8546
1517
195
5558
8905
6641
10188
1362
4958
13451
4674
9006
6874
388
11757
2437
6224
11562
7116
13191
6756
10358
1376
3833
6284
12982
5279
3462
4875
10032
2360
12830
13441
537
5132
13937
1469
4092
10450
14923
322
8632
13596
10159
2253
14190
8945
9521
11999
2610
4355
14420
7182
7396
10388
10412
12656
2458
10909
894
8363
5538
12072
5068
6132
6560
9030
3725
8414
11376
5221
1419
5614
2678
13126
5714
6384
4626
13068
801
4143
4808
8103
7146
8779
8159
6779
11360
12404
3564
1102
8215
11863
14329
4307
7419
10762
8176
2500
670
14326
10238
33
998
1291
7636
5681
11434
2074
14572
7119
3332
8401
12144
3401
12319
4577
708
13430
8163
13471
13425
4795
9113
1960
8773
14067
2140
176
7373
422
465
11208
7916
7221
5884
1972
8866
7513
11653
3783
13378
7232
14574
11235
12968
78
13890
11729
2707
7039
1829
4191
7
10580
14735
13192
11839
6806
12833
821
8664
10425
3080
1152
6031
6156
8743
14501
6870
3682
3699
8840
292
8918
9532
8377
8927
8767
13395
12365
13782
14613
7286
12101
3117
5140
14646
3980
6711
12555
2732
5422
7923
6547
1467
6741
12871
7876
9213
2200
6504
2895
6802
7668
10783
11829
10082
12292
2562
1648
13306
8658
10735
13835
6455
2208
5708
1966
14492
13011
3450
1999
11115
7760
12026
1670
2197
7256
1218
6646
13355
2608
13467
2911
2326
3374
13592
8114
14767
14479
6714
14473
11433
7115
355
13572
6422
12499
83
12345
11703
3503
12088
3096
8131
10414
1074
4655
12717
6354
5014
10517
11818
8997
13160
1346
8976
14242
2149
5922
9052
5180
14063
23
6264
1028
413
8934
14540
6159
3481
252
3965
11365
341
5533
2265
3864
1209
3915
210
4881
5370
2063
162
381
11919
8738
12514
5455
1418
6687
13654
2745
4993
624
754
8311
7689
126
12471
12865
14176
2837
13930
7309
9085
13060
698
9048
12901
8723
14554
2786
12056
12045
7901
9592
6291
266
13365
3805
1143
3001
5460
7313
1335
13
6931
11797
14089
4251
3792
6106
10473
8909
5427
4429
923
8950
5026
11035
646
7694
6057
12406
4077
3346
1392
6686
2180
4938
675
323
1325
13607
3982
11675
1805
4889
14094
7796
3722
9888
10640
12540
13167
10947
1281
8232
5081
12702
11486
14556
8851
4575
181
8756
10226
2090
3482
7790
1663
1839
6835
5293
14850
437
12771
6253
6010
2482
5003
2086
2567
590
8731
483
13485
8410
260
2412
1826
1326
14552
3677
2782
3217
14166
2405
4330
12770
12414
13818
5917
10042
9680
8096
4837
13134
10513
1713
2379
6544
9212
8538
182
5240
13466
2185
7414
7017
12805
2589
7255
3528
4535
11415
10656
6116
7654
891
10671
2317
8166
681
6706
11894
5305
1850
926
8986
11283
4061
595
11292
14476
11332
10204
3560
7153
11657
319
7304
13839
5529
13025
1109
2053
12264
2407
5196
8367
1915
2475
8839
8944
8301
14815
7456
4184
9084
5291
3774
10024
11380
3323
1912
5475
13842
1854
14161
14263
3428
485
1601
7986
2095
6345
12843
10390
11601
1509
10775
14182
9082
6668
3302
8267
7784
9792
5253
13431
10132
1787
1036
12244
8075
4095
6308
1692
109
14709
4163
7486
607
10532
8108
13280
684
5241
3245
11749
7997
1794
156
11265
6244
6133
9362
8870
11836
4623
7446
5801
9568
317
9821
13375
14419
9641
12084
12990
4232
8121
2901
6743
5602
663
7984
6826
2509
6263
5485
3953
3439
473
5776
6690
7487
8173
7645
13076
9409
7052
11745
10370
1973
11823
5380
11389
3894
9243
9981
2965
4685
7292
988
7034
13780
3818
7303
9787
12780
2449
8700
10526
61
5764
12187
8714
4760
5809
8694
3542
8407
8111
1267
13051
13472
1405
6395
578
2269
14692
13136
9562
9242
10069
2168
14658
4953
4271
2860
4475
11252
13907
12204
7777
13007
10445
12954
14573
11614
2298
8809
8006
14537
6980
12438
6837
13117
518
13507
2787
13604
8876
4086
6013
9674
2400
9195
1024
13176
13801
7183
6367
3734
13999
5264
704
4930
8134
1723
39
1441
90
1297
8092
3017
11945
14070
5072
5202
14180
12074
6629
3907
2938
11964
3410
14782
14336
53
6710
6157
14934
6351
3633
1615
12009
8932
1598
1921
11044
2649
3871
7324
9493
7665
13719
13689
11040
5129
2968
2111
5173
7227
14605
4339
13458
4241
6387
2735
14380
5623
9286
11961
9131
14496
540
10398
12067
5732
905
7013
8393
8160
7596
7824
11536
14758
1215
11672
6521
4120
2727
8216
1957
13422
3153
12181
12294
251
6151
3743
14417
6975
5236
6765
11979
8933
7533
5870
283
13983
10170
1233
14539
5405
13386
10235
396
10623
12646
2022
14811
6341
8489
115
2461
9803
9633
1401
2393
1611
13380
5512
1253
3809
7454
3370
5760
3561
8627
192
11843
14115
969
11941
10145
2156
8438
7238
10295
12629
4583
11403
9973
13705
8571
3715
372
8463
12648
1271
8643
4555
4505
9755
12256
12786
3313
12415
2952
4862
5684
5114
4338
11203
12988
4870
13039
8484
6956
3286
4699
12548
3417
7401
11770
12564
9303
11289
9813
1027
11348
10290
5763
10266
2172
1176
1016
6138
1764
2777
5628
14058
832
3224
12255
7091
8802
4404
9174
2481
11594
1652
655
5117
1862
13678
9476
2331
7269
13862
8652
3140
3824
8082
11126
13506
14317
356
10943
4427
10442
2337
2219
11802
10720
4133
7087
13978
924
11185
8002
4125
14987
11833
3232
9074
11700
13622
10979
8702
9166
6519
6954
11828
4656
7709
14087
6965
10123
6458
348
1211
10713
9198
9569
436
8373
14154
3228
3932
13118
8649
5504
4391
8525
12402
1221
3144
12472
1147
4840
6604
4966
1187
1683
7092
12379
14857
6592
7383
13317
6572
5977
1173
11333
9270
1784
9434
4281
333
9567
1474
14616
14609
9862
8502
7568
3027
1019
907
10285
9047
1212
7633
8144
8686
12086
9102
12782
4513
12277
13439
4863
11240
13501
4844
12389
11037
5863
52
2960
7830
12064
7951
8097
2840
402
8681
9386
1219
12976
6746
13040
5674
2069
14644
1873
4108
4859
11748
13064
4880
12997
10043
9654
10647
3214
9703
11284
6538
14125
14169
11211
4323
10796
5774
9499
1584
2523
7909
1771
8899
9934
6470
6218
7814
13785
8359
1557
12079
13047
5787
5837
9239
10904
7140
9659
912
12175
7583
968
5608
10644
6771
6551
6829
3203
3422
7954
5641
7895
6628
14079
2020
10869
1382
5775
6226
4663
13174
4511
3938
1420
2105
5501
5101
2993
6508
9719
676
2659
10905
11471
725
13574
9627
3020
1264
9087
5822
6356
1121
1528
9236
4999
14683
12884
4711
6471
1532
3095
1566
11462
4080
3384
14594
12874
14831
11311
14369
1516
5805
7138
11156
14045
11160
10
14858
3191
760
8588
8672
14502
3963
2812
14985
1416
9796
1712
5798
9462
11753
1076
13797
14531
12126
12188
785
10913
12909
2123
12823
8400
12996
7505
3371
1678
5773
3757
2198
8369
4048
8837
11635
2686
8089
11584
14713
6477
13369
11452
7671
14103
6857
2623
2320
5943
1627
5150
2068
1929
7287
4069
10649
10485
6321
1282
14287
514
1086
2645
9183
13745
407
13811
12212
5640
2870
9468
5632
11909
673
13500
7350
9297
14485
14472
4165
7845
7418
9774
5904
7066
2890
9564
14505
7365
592
13148
14406
368
9727
9152
9400
6313
1468
10777
9750
8708
13337
5987
111
4440
12587
7512
9320
692
12439
2325
2704
10898
11461
7012
9711
3604
10072
9340
5172
8875
13760
8618
6713
9611
7413
4071
8827
4298
12307
5208
1977
10771
12053
3267
2389
13450
8371
10135
2635
2160
9629
129
12025
1066
2329
8041
9440
784
9628
13712
8929
6203
12697
10604
10431
3628
5097
12375
3499
13598
3832
11313
14343
11170
14312
14719
9170
5789
11554
474
6984
7166
2827
14051
5134
11417
13759
8449
13586
9791
9829
9607
13633
999
9207
989
10080
976
6564
7342
14212
11200
13027
1012
822
11986
10409
4422
3071
12044
9336
628
14260
1372
4616
13455
11105
586
6615
8985
1833
247
13325
11582
9245
11985
7880
12879
8666
14903
640
5033
786
98
6173
14435
11169
6290
759
10930
9577
3407
12834
13210
3865
1939
7852
12268
13713
10408
4465
12887
11351
13512
5448
11787
13845
1982
899
811
1107
8434
10004
13616
11566
10590
2506
3712
6482
10138
11742
948
4969
5569
4928
7444
7068
5066
3548
13534
5317
1777
12691
1743
8707
10605
7448
2232
9197
7083
370
14995
3498
8994
1649
127
12096
5185
13527
13146
13326
11619
3390
12856
4494
2526
651
14943
8059
5568
5281
6702
8389
12634
14785
2493
13681
4553
11685
7778
1305
14950
3128
897
5440
10403
5865
14088
4927
4754
4565
10714
6589
2811
8948
9209
4407
7172
8995
10502
10761
2116
11715
7995
11008
11717
14114
5444
10068
5226
13297
7872
2194
7581
5039
9882
282
6798
884
5288
2184
6426
4812
14475
7215
12146
7520
7959
669
13437
6037
8444
14636
10397
7856
9658
11606
3512
4099
3174
3456
2953
7484
2376
8999
14216
4472
5397
9960
7438
608
4369
9815
10999
11699
1216
1459
1446
13724
12426
7224
12861
13044
2365
2324
7198
6699
2338
13879
9576
938
9561
9140
6755
419
11276
1293
12631
7441
3926
211
9625
8119
4138
12288
13565
13958
7086
5303
5716
9346
14255
7223
5143
2970
12054
4252
4885
3502
4899
5961
2903
12793
883
13692
7094
12315
6922
10764
4127
5247
8455
9230
3067
2865
9359
5383
9850
10248
1138
3522
14696
9210
4721
7422
12515
6195
4823
3811
4036
6666
10690
2882
5263
2447
7400
3121
3049
875
10379
5447
13893
8110
5550
11991
1088
11260
2637
8128
13779
14706
12645
13952
4750
2099
10022
8493
2798
4209
7283
14354
6292
2399
6960
8617
1597
662
3702
12742
6450
8754
9120
12091
9322
4346
1400
3706
3291
6050
3198
8237
8783
3400
4443
1072
4726
1370
6056
11141
14200
2515
1506
2755
310
12941
14654
2411
589
1823
1988
4832
8230
538
13892
6751
2164
6235
4264
4063
12653
11902
10323
13556
1536
2350
1700
13495
10547
11457
7842
100
11132
11643
10829
12432
5537
9459
288
1384
3496
867
10234
8788
5394
1788
8142
2765
12529
1483
1653
11226
1345
9777
8913
10757
14460
1820
4720
11506
11295
3850
8955
7264
8775
5388
2571
14813
886
836
7008
5933
5328
7846
8461
128
1714
4520
4866
7519
11966
351
2771
1415
14954
3164
10305
14396
8241
1450
14809
7403
3382
9637
8425
6721
5696
7873
13315
11867
13659
12991
1542
13739
9602
9612
4732
10773
14005
1917
6705
2498
1529
11072
6973
3898
4606
7279
12475
7859
13922
7939
11296
5177
13259
8614
792
6568
11135
6131
11386
9097
5660
13915
3606
12416
10167
9475
4804
3489
12866
9578
3666
1058
7656
7007
5633
2134
13649
13195
6319
12688
10626
11281
920
1498
4571
13479
13121
3853
8697
14187
1289
4002
5223
7162
1408
14769
8884
5622
4884
11312
8483
3796
10479
13652
13619
12374
2354
6949
1668
7235
9054
6903
14202
12206
11245
1669
5918
4000
12543
1356
14467
3924
13320
12311
9265
6213
6545
1334
10753
602
13264
13131
14509
5126
7653
5342
5378
10967
8421
5232
13084
12272
13940
2844
13711
14041
13991
4308
4785
6994
4788
7331
734
14427
5949
501
12267
1918
4066
14916
3114
678
11349
12721
3310
2301
12571
3866
14453
3588
14512
8299
1308
165
9863
9666
3235
9051
12024
5994
3909
4601
13384
8178
14799
14007
11963
6603
3434
13261
14759
13308
4207
13710
7610
2656
9606
9522
9667
4648
991
4559
7941
6389
10935
4510
8442
5057
13741
12542
13079
3582
5242
953
3650
1639
8223
13137
5521
5503
14095
4320
13406
12905
3287
4389
1149
5925
9465
11664
10812
3660
12915
4690
11768
880
6373
11851
11930
1983
6215
3630
14288
280
5104
7469
4091
5025
297
11879
14717
6908
14712
996
2250
7251
10208
3424
6288
8202
14264
2239
12320
12076
9022
344
2083
2471
13029
12484
13868
7334
169
9913
7699
6818
6212
5507
119
3331
1437
6322
4447
7201
6500
5766
5008
13805
12773
4027
3662
2920
7631
11928
12436
6242
5216
13829
2501
14265
10231
5677
6364
11512
4105
13290
10505
9757
7055
1183
10221
2603
11590
10646
6849
13877
12331
6618
13563
5976
4195
2000
11861
6440
9414
6025
706
12965
7769
10070
1564
13024
6543
13075
8678
3469
1200
3881
8385
5791
8141
5652
6491
5441
4231
5980
13391
14812
5767
6079
10378
4270
3403
8376
7113
8112
5779
13896
12321
6823
12758
8772
2436
6349
497
3500
13925
5826
11734
1513
10996
6097
11459
6431
4947
14250
9622
14042
441
2559
307
2390
13057
12205
7751
5854
10637
5153
14384
11583
6161
8067
8270
