203172
222
1011515
1091
760378
1170
776024
466
629101
52
1324515
553
111769
1101
559769
514
586196
721
1101517
967
1319121
83
6786
779
420025
476
700011
693
1369729
439
973991
1016
1162834
1452
1460212
1097
639786
344
148307
1194
339989
1443
50970
681
536935
963
1278586
566
738897
472
362852
718
594488
1474
693780
646
591479
1500
1098351
650
124328
1479
607360
496
99310
501
964157
228
1267627
390
1487855
641
502740
996
52268
1099
573457
1301
1226821
1418
1207812
887
133804
1376
141637
1021
1232055
1088
916203
1174
1297273
305
961974
199
971050
284
637887
1057
838650
761
88866
463
207163
1160
180650
1161
392550
912
389151
1332
1473432
1449
1256749
1067
908870
137
814465
29
1132102
1490
1480612
84
1092840
23
1090526
231
143204
878
590717
543
1226849
1062
625210
17
925419
481
863112
1245
20863
1129
767733
1003
877496
1069
343373
383
981429
1374
614904
1275
