11006788
18868
23599640
11236
21962613
23857
19989364
10222
793586
24513
7801431
6500
10967783
23772
20585662
7812
19294054
19206
11167336
6363
8046389
9493
4590969
21224
19371260
1101
20459667
22565
10937988
24853
22853940
5300
7134973
10181
24054730
1291
4585833
1118
2748316
18211
16293863
1292
9387829
2202
9735220
10626
9355927
5255
9934626
139
23400380
14314
19830473
2220
6919810
2618
17508675
24889
5750452
15057
19005222
2528
11213986
19192
221338
16184
12075033
4828
15816633
10639
7818183
14687
13665340
15418
3357132
13744
16079228
2598
23988936
14050
5809768
16380
21379062
20285
10788568
23755
6428633
22472
16441177
16085
22460672
12484
23783557
22559
16730827
23367
14295821
3728
7342382
8734
18821212
498
3071317
12161
8551665
17134
24018152
17398
19297704
1602
12490514
7601
12706382
16156
17355532
23727
9004797
22693
18783410
16456
670986
5422
4308091
24148
24782719
21173
11839314
20568
22454240
17106
21492026
7186
553296
19580
5450723
24789
8161621
6279
21150823
2902
12846931
14725
7338289
7014
13488464
15905
3855540
3256
21735606
13284
7516767
573
8364769
368
1774274
1388
21787429
10988
9461978
15757
22918137
5675
19850699
2391
4188380
19422
15823159
9143
17645990
24997
18266525
2317
14112909
17374
15403129
13330
1909477
804
15751073
19369
12268282
16993
2209320
23882
14210355
7366
15365276
11544
22736655
6791
15859919
14652
204343
20307
9132267
20193
409553
17354
14090050
13723
15964657
14027
4802250
15065
20927948
8903
22256437
5507
22673909
15297
24087598
22648
13496708
1812
15165684
9956
1092077
16201
20219221
11344
15352049
3182
14804211
15290
2120676
8720
3654753
8115
4610217
2985
3384463
20138
24166123
4251
24158873
6212
1086290
18317
16888313
305
11552858
23353
12165514
16622
19816917
7381
12670867
18365
22336313
8173
22210207
3762
10867761
3742
12345146
12535
7986492
16940
4284222
17792
24929426
17505
20529482
12512
12537180
4230
18370206
6645
8997706
9239
13772380
20456
20950740
19578
3292867
13453
24385434
18035
1738076
16622
22794378
23403
19316651
4310
15886804
11183
20016882
6184
15555013
14344
12131269
21386
15752918
8448
19330472
3060
17143333
8972
5644938
9588
5889429
9490
1383484
15286
3341619
15023
349922
8000
6835719
21612
24876444
6258
5196056
4273
19036680
5576
13700556
24074
6707102
21247
15001043
13972
4571080
22666
23680170
5851
18911228
14557
14627991
4929
22488608
13488
10174316
9495
17044254
20485
7011425
6393
19439991
2412
13588482
7451
10426679
4196
22050644
5050
14375925
14832
20380966
955
17864725
23473
15104036
10058
16511043
6466
1286884
846
2423030
22138
17148401
22706
24022347
13289
10223479
14797
15790842
14138
16979281
5095
22120269
8673
3862608
14879
7388069
17067
16105234
2161
11608515
4098
12486147
7109
1739062
4384
15080675
6440
17726000
13679
8603105
24461
2872965
6430
5496895
20712
2079370
24406
18694550
5929
18015670
9775
15715926
24329
2643615
24452
4056585
3868
24559242
23875
12899350
1666
1446811
18913
9892731
13008
14311959
11430
20714608
6618
5617156
1934
4457496
7468
21464578
15106
15893156
2240
24075208
15728
21782412
2230
8010249
5420
16607151
10979
12910204
21558
11461657
16511
18741139
17039
9823948
13690
23251189
15761
20856439
19662
21492745
12104
18435131
6033
3772478
19281
5739211
14475
10366395
11489
19957523
10621
5849710
6771
16215466
11249
11941065
16906
10334911
11722
15228103
20898
8054030
17667
13418911
11919
1437047
17450
10290863
15555
19105678
8973
14860636
5204
4686496
4593
11661358
19945
7315881
21711
22238182
3970
17926088
11146
20775680
11744
17721427
19506
8677828
24904
9982103
20728
3736148
3849
13523911
4116
16027558
698
19077955
13011
14735893
17939
6054780
2411
2693996
2629
4609362
20670
20159272
18806
4353389
17086
19501158
14495
16537790
12248
7302878
2477
24921638
3566
7232198
7713
3870557
2705
5234796
11643
4235242
7071
9479534
13804
19952097
11152
2561732
12444
15470277
6864
12679482
7975
14711250
9229
14518753
15477
12485670
4048
15678931
11958
4980532
3125
3492712
177
9705893
14523
2596312
20758
3672731
15877
20124253
2852
10598584
21980
22939153
21779
23245764
19758
7182151
18657
21004063
23843
2835819
18491
20584938
12157
7731237
16544
12979028
15580
21991208
6787
2879514
20333
13102458
7126
5362292
10585
14337395
529
13766440
4574
15737828
15231
20577701
20355
9703582
22926
17235895
2409
16205110
1386
10395304
20510
9991872
7229
16146901
12907
2463993
4192
18576675
490
22189854
7507
3562171
15141
14190136
23522
19040987
13118
15474996
12185
15395616
17175
13834315
9747
21266600
3241
16653663
8971
24453592
3326
8197376
10618
19927459
9716
786145
21682
22681656
24278
19273173
18047
3288559
6201
5172434
3626
21484782
9141
17425394
2895
11685053
2696
9994875
7579
12930303
10838
10774506
9041
7428592
1372
11543454
17661
859184
9919
5961871
20603
19975478
6046
20419827
17263
13421836
20015
16308312
12754
8216325
13757
17902153
20872
21617488
925
3498602
10267
732892
4481
17569656
20313
6353631
8685
14624745
4012
2866212
17598
2732042
9340
20705822
7599
12468025
2841
19557904
4561
9668875
16444
11743729
22401
20895742
19059
21597685
12143
7239523
18895
16798941
19701
5153816
22529
6770082
14072
6680606
19085
15736462
16040
2396756
8397
15826590
15162
7842806
9030
10397863
14911
13048590
6388
13888881
10474
5864148
15519
24646984
11920
7507125
8051
7460780
3940
10257186
23495
6740559
7743
12665424
11609
5400966
19984
5481834
3180
14346553
20559
8402166
20313
3687151
18463
16798972
11914
3464922
15586
16038146
2135
22898142
2500
23521598
1904
5643359
7511
15913059
13660
5574905
896
13470342
15816
11315016
11145
9819130
13695
3095382
4610
13154656
23157
1896922
6479
10489897
9957
6922052
8638
15942840
16206
837224
11478
1189991
20087
18382021
17456
9211954
11392
8479477
21760
13050629
6876
14872823
6102
9536146
13669
17445060
13655
13105073
8447
3386873
24623
17731271
10225
13841434
14343
21072716
14399
1327996
20894
3471549
4320
17010327
9294
13007419
19871
18536608
17146
8227942
22972
16039
6109
2619195
2389
3055196
7139
5257371
12052
3775284
10353
2114634
19403
20204319
12847
10821966
24076
15656944
1576
3856223
4214
15075819
18058
9351322
14421
90037
23822
15967881
24139
14642457
2551
14475854
24546
5413969
11669
1435442
6424
11499923
17018
6760191
4674
1745944
286
6771949
22872
21022201
20010
8365671
2390
10169826
546
13090063
11888
10997031
19457
3345113
11445
24553998
5201
6560737
3335
18357938
2705
6345572
13329
2912273
6098
9017910
6418
9853286
12418
21758274
9332
24190685
9621
19973819
22419
8700461
9193
22653824
5927
1255838
15239
1935222
12311
6136998
11024
24271988
18238
2648696
2657
14081714
23169
4582856
24119
2953933
19659
16614800
18710
14936161
9671
13245491
6576
12663095
13804
3443135
14517
19503821
344
3924070
12610
15081683
22435
23708389
11302
15515254
3080
14677586
21827
99952
7711
11228105
21268
954699
17148
19918958
19191
12185392
3753
15324313
24500
16870034
22349
22931150
15595
23863500
8678
6992792
720
18388004
2458
10159237
20216
193419
20640
23057398
18540
5276990
16779
13674958
1441
11841343
9084
15849242
3333
17057456
9974
14694364
12159
8250793
14977
20646777
4926
3550356
19645
21906262
24615
2066557
7343
4757855
2134
15212078
13514
4621741
16857
22740374
18227
20087137
15867
6933253
4023
10024664
20446
23815239
23690
4368819
15950
12899766
16127
9455887
13750
7531300
19342
16920116
398
14303067
12452
19820877
2813
4780068
24500
7222468
2361
17440275
4037
1802820
14837
12141861
14171
14773671
12864
19347159
22360
20104254
24879
14504903
1657
2042412
5471
23016620
1417
2968760
17395
5841520
16716
15486790
22213
14751522
23872
679425
11718
14248952
21154
10557368
23523
2185378
213
6964797
22584
19820022
336
7591245
148
19372107
17546
22045402
22821
17542729
2334
21952470
12060
3347503
21488
15095308
14700
21107611
7619
18026043
7239
1938684
904
12213282
20984
4383979
15436
5736242
9529
21716636
23942
18583143
2884
9994270
19111
19135458
12771
8311440
1311
20040746
386
15677289
21970
3085196
23050
24715812
3815
15060674
12728
20328958
24526
15219546
9811
17371682
3662
1518407
22951
3928294
1773
18992040
18970
24463383
13979
24831340
16759
2413566
13182
22530950
2411
9047702
12459
19655502
18000
10023523
9938
22097168
11846
21409352
22346
6573190
22266
19988696
21412
13644640
22803
1864566
7142
16773832
21525
14672861
1635
9262689
22048
24005249
9755
1200912
18641
6455078
19933
3000362
15854
5038293
9688
7490973
3710
18186738
3867
11613289
23025
3811840
179
23805438
14142
13300268
19133
3634026
1499
13983097
2721
8557261
15453
376133
14554
21361618
23849
1065426
9195
3959808
14619
5440394
11857
7010025
2467
10175646
7231
7399714
19579
2450397
22929
24040970
2201
24193473
7282
14769921
11167
13215636
18094
16647662
21134
23719188
9017
9083716
1014
15931987
20922
11035851
9313
5236690
8742
13112419
12896
18135311
11027
18417468
14126
18265270
11668
13605399
22514
582765
13894
8646214
9762
7786740
20713
9202921
15061
14379662
21232
4659320
5664
3243844
21373
18724852
3767
24739227
12607
921177
21879
20850196
11144
5013620
2213
188374
5118
11111276
8492
15795168
9272
24891856
14155
1143668
6074
23554897
3907
19421403
11115
10257513
14488
11801405
22740
1435692
20371
5230891
2642
6669840
13928
23241541
4518
10760062
2817
5651840
22747
20775707
7601
7450995
11366
22075839
5086
23645645
13983
19726322
1983
10678926
8532
18923290
20930
15389855
7958
3706808
18700
19165826
5750
1920489
16829
2395118
16085
18192945
4532
18367664
13253
19024602
19644
11673936
15631
547710
1426
12785117
2533
12581909
6183
10642524
13717
16514965
2321
21674420
23694
16659079
18993
2841643
141
19094128
22845
12694720
2413
24596527
11595
24909016
17310
15244391
20320
12625325
1207
18342704
19079
24920255
11485
12570387
22063
2357247
13374
1525629
22323
20951685
20063
8670475
3118
6553365
23811
10836520
992
21749835
1784
17585169
14928
9682313
5852
4503218
8488
811699
2415
24117342
20539
6492462
15604
901235
24196
18990017
4298
7394854
16702
12524246
21421
23984766
19321
23365226
14386
1113218
8599
11774264
16459
24614594
10229
23152853
4180
10185184
3671
8676611
310
9506641
18372
24938971
9628
16684048
15802
12283696
20287
19785137
21647
14321788
1224
6939012
2408
18999476
7385
12556615
11329
20846530
1211
21072494
5061
2174500
11157
4562019
21503
23737154
21008
13601910
23268
8465048
12070
10826311
23157
6061585
14370
18914802
4543
2380072
17622
24756064
9720
21418649
20917
22069023
16503
763231
9515
19425024
18274
168657
8297
23218375
9216
6684499
21861
21897394
8173
22024867
3615
11802673
6342
20463875
7841
7684976
5148
18444099
2407
15798735
12124
8284295
18792
7344173
9764
24067730
7292
12718886
1167
21083569
24770
16608402
6233
23870125
8018
12905793
871
10439115
18091
8328083
19386
19097945
14386
11467358
13848
16551663
13665
1387993
2488
18314556
5020
14996334
13088
1388293
8372
556966
18612
11819446
24658
7262765
199
1588595
15173
10317794
20218
22676288
7607
15367551
5733
15738201
4294
4623444
11744
1233922
12491
5378846
14156
24068620
1627
7931667
9065
960170
14612
7883698
803
3153751
21586
24427214
24575
11015810
4537
20711862
19690
9397452
10460
21933795
8303
17932378
15706
17690210
8007
20795024
8214
3522460
4006
17870768
820
22023921
4510
23773780
17812
18832599
18719
4417858
22579
24213256
9027
9621566
5720
5804921
8145
18908426
13713
2802561
10002
12908355
5221
5856347
18751
13993793
7020
11974498
14334
5235665
924
9139685
12697
23975215
23645
3083430
4630
9100386
3628
5659381
6341
3120664
14584
14224856
24556
3356975
19611
3275748
6431
11687182
14881
3675050
21597
5103398
11438
19294199
1624
2634134
18514
18133611
10745
24831068
2519
16140036
1451
1592424
12454
3901793
23059
16493718
5589
14852727
4703
21356931
14992
6112853
497
19854689
2181
12543549
22971
17406381
1561
1929048
19377
21508508
10614
4036169
2265
3439309
8152
16126391
16918
10478279
24274
6474578
23825
1192327
4659
7122466
2356
14669424
23651
14128040
9432
22000082
23069
15493837
23652
22607334
1751
24758286
14635
14224094
18209
1046481
13136
13082361
22650
4108103
3924
22510379
10997
13219262
12055
9524828
16026
8622893
1642
22861491
23626
6495180
10287
23507229
12470
13369373
410
22029969
8706
13148081
23868
6044336
17886
6991536
5260
6145290
7880
14399056
11673
18855047
15409
21294106
20128
1459621
3566
15113034
18144
4467995
572
23299235
7147
21986718
18511
17700513
19701
4736111
14785
8609944
18713
19683504
12908
15508009
19866
16142261
4729
6307239
14810
7109191
13176
14070045
11361
15312810
10392
2213195
20514
13934904
18898
24162726
7968
19420388
1005
5541517
5456
8942925
17104
16791565
23412
7980865
2994
23345253
22581
2103904
24646
15746666
20490
10437778
14072
13064033
21900
11622764
6644
15002429
318
22251737
12502
20820989
5863
16658199
17479
8561266
12458
9044326
6755
7656036
20323
10828228
7566
7761580
1040
15006736
15282
9082091
561
1097179
12991
5026488
8230
674981
2284
3937626
10375
14203051
546
17967816
19686
24700732
18573
20008578
9524
19427644
8539
9132246
23418
10256797
21886
24336465
4836
23960521
20896
4035388
14360
13460695
11378
18279687
10234
2537653
10490
5281006
14866
13571762
4615
14993303
6803
19959895
3239
24340988
3829
16644300
8439
15809363
7855
16049109
5493
7602400
20871
12103592
19178
22686343
22191
19394591
22115
20661776
1523
20266063
285
21030753
9055
21984868
10800
762581
12338
9429594
18645
762364
17829
12564113
8309
1281436
3519
17571944
14435
16980893
15658
1728375
3336
15401479
21708
4224338
8601
8558862
16076
17556129
9822
23135460
1578
3044899
5205
11160553
12592
5413234
17467
17826472
6656
24824641
10930
4773094
14350
9213409
13986
20026638
9075
21321607
14139
800415
20082
17167659
20464
5054570
12869
9961985
14761
9827002
12956
24506660
19430
7626440
11852
496365
17838
9272674
20123
10723296
18504
10337703
21900
226594
7004
23226515
23484
14729377
11983
23544186
22719
17567634
7567
19137180
23901
23649151
21462
22495268
13740
23340229
428
12317497
11270
13341364
24925
21909992
18193
24246981
20770
9777950
21344
6011580
12974
24330099
12426
6890877
18457
23386065
16650
14256872
12634
10434972
16640
19355787
5586
21085158
16347
3076553
19044
11954038
12
14738051
16527
13993397
18639
16634080
7337
82444
23903
11053342
23722
14827833
22016
10205526
5438
14800758
18869
24885860
20297
17031023
17495
19965478
10713
17125
11964
4545136
9900
15530497
19166
20332794
12640
14996048
10449
2043930
124
23773056
7560
6061651
3697
17190298
4639
22043543
5021
2652460
3402
1176379
17667
24907646
4529
10934231
8632
19438194
10555
20960833
15330
19866475
22586
14067983
22959
157128
21834
14891310
7538
4723596
7284
1522921
4010
19791855
14530
18598147
8065
12612794
8889
5582490
2837
23445248
8679
11648348
4557
10297878
22660
3339965
10094
17302653
8301
14658258
11922
15561362
11487
7593649
18774
4911655
23048
3778345
14057
15272505
2710
24367049
15667
4209091
13251
21735967
7744
15282676
16695
23527797
2781
7968582
16485
17138163
13369
2238471
2130
15228700
7137
19671777
17503
6466651
17609
16802484
3402
24174196
4938
21689041
23038
1183834
730
16269114
14351
17694346
4984
6003162
12389
17463549
13327
9612430
6036
8109239
22965
21688310
24153
2063740
1168
16688392
7816
14621232
18293
7545119
4750
17272183
3823
10512823
6116
12471917
10944
5421752
16074
17909672
2959
12616919
20402
22181367
21659
10926730
8472
18040447
13953
16777126
2362
23851906
23660
13930571
874
4011070
19939
7177331
22880
23457904
9371
19284800
16623
4535207
10856
23873064
3816
12090664
7451
15990606
2705
908854
10242
6889087
14129
8362340
24558
2884824
7964
16487521
7263
17433093
7461
12718920
10683
2813969
14737
24479775
21631
7505441
17089
14439452
19535
24041305
10875
12010182
7656
18897579
1535
16037217
15372
5939734
23399
3525495
19294
21233803
22305
21784493
14774
24008368
7930
12680207
13215
24119910
6838
15422097
20789
7752638
4832
5007096
6847
18225937
6404
1432803
14277
16442559
22316
13322296
22402
14322655
16543
1298959
19650
12885031
13716
105627
21478
17334669
20785
14475148
18511
13841529
10760
1567093
13460
2929191
11508
17196679
5211
11502860
13552
5990456
23398
13109405
11919
11907770
17422
19027418
5687
22102149
16608
22737130
16956
6120812
1580
23472274
18783
19755664
9729
3564620
18572
2216743
438
12313882
3167
22467864
1898
8688694
7816
13277724
24558
6465751
13534
9567600
24563
22696373
6230
5980406
6149
10075689
10101
2124324
21013
16562721
3761
15636663
3008
22814300
300
6706289
14408
24777714
15194
14633478
1091
20935182
8555
10383014
10964
24682024
20577
14076335
521
15878573
23853
10568852
3146
12406018
5044
18232851
12835
15788737
11065
6158034
19571
1443417
15422
13882644
22046
15811739
13684
23980978
7290
16870912
18290
22845053
7052
24067705
1464
980548
7053
4974379
7115
12023008
18547
16578088
21120
20003685
24453
21350920
9594
19916327
10136
8729299
10423
14131910
23615
946690
1602
11651963
20844
17337966
10468
3127578
15138
12072438
3291
5938964
20456
4653641
14718
12533558
21672
3322463
13349
22415088
5570
22737893
9571
10814914
5862
22653477
9672
12898126
1949
24799303
17379
9629826
22425
6624734
14956
2749110
16776
13042380
3682
20075724
18211
5117766
873
6569762
24105
11654654
5459
6359166
4161
12873769
6061
5052292
22437
22976171
14356
8837568
18586
6475870
2802
16553461
17898
820245
423
2296577
8993
24496832
19164
3678434
8852
7083221
13270
7303957
15459
17898262
13009
21538448
5865
6459506
10363
21238659
8764
6996572
902
11246011
9706
12460796
16819
19233184
15439
8811630
9435
20136473
17700
22179148
16843
15787611
14001
3628194
23284
9016773
28
22573393
24884
5495012
6905
7667509
12947
23407648
9355
14687169
21170
24531249
7767
5562475
13450
24760613
10777
18669458
19661
23636255
3577
20702026
2814
3561160
9882
5826366
21173
6388641
5003
23094951
15901
11571012
686
13609400
21734
2308986
23412
4097426
13559
5263591
19225
14536555
7535
8795073
3491
4864504
12472
3913651
3461
2183625
16220
20173127
3254
