560
2046
21
485
386
1261
249
2377
1128
1519
1947
2175
1644
498
2360
182
141
1726
2057
904
1274
2461
1961
2045
1322
1787
601
2145
1973
2014
1250
2206
720
2386
2042
1903
1414
1686
35
692
2388
2486
2101
2477
257
2236
1115
549
710
810
883
1380
344
868
1757
2148
1398
1503
441
2432
480
2471
1407
2037
1201
1861
194
1229
2296
639
1071
1031
1495
284
1181
1531
1118
414
1568
2407
1863
1783
637
1290
1940
925
1874
1096
1145
723
1053
351
551
2168
1391
2357
694
335
972
1838
447
121
1069
1544
475
1921
495
305
325
2416
469
859
327
74
996
2089
2327
682
2076
1028
1227
2025
988
198
1556
657
80
1589
2270
2081
1849
1585
542
1821
191
75
999
296
544
553
2002
1859
1172
2091
1614
837
205
1763
1195
1988
479
77
1671
2154
2492
312
565
1919
1851
1206
1379
1125
2312
2119
1219
2286
401
1388
287
2319
747
425
197
2256
240
1818
2293
2019
2490
1554
583
1286
0
1131
2371
332
486
1465
2058
2469
1281
245
2172
2335
2193
2331
679
2412
2436
2381
294
806
208
877
1080
1909
702
1146
326
1105
973
516
1841
76
1051
446
1758
54
2158
2086
1698
42
1727
1683
1741
520
1117
1473
306
531
528
1990
170
289
527
879
2176
1983
1344
1442
2232
1318
339
2298
1769
2288
744
2480
282
3
37
975
2097
1502
440
1349
1938
2277
1382
730
2223
627
846
1951
763
2354
1684
1444
97
2123
2422
1368
1477
102
412
1899
674
2465
1902
529
1406
1121
2475
512
1957
476
897
746
236
1156
579
1387
422
1340
1546
1693
1676
1579
1447
876
1239
358
271
1401
945
2370
349
1764
736
307
1611
1036
2374
2333
662
1740
1501
611
683
1681
1264
405
1033
1493
1719
908
297
1137
1646
887
1186
1418
905
1097
2316
590
1052
2482
1542
1915
960
1038
2349
865
269
617
2285
1799
2440
1148
27
1857
605
280
2346
1161
1925
2269
1747
1735
25
1152
2005
732
761
1183
1466
831
948
136
518
1034
112
880
2423
1176
277
1359
1399
685
1316
935
2214
1159
1669
98
2417
1752
1702
946
1819
1198
375
1850
765
2041
1077
567
2075
1526
1944
1413
377
34
726
1373
173
578
2177
1782
1144
2415
2394
1225
2451
2225
1900
1014
1732
1825
2326
717
1445
987
1599
158
139
961
1175
2125
1773
1720
1777
1725
801
196
1547
982
87
776
1559
1927
362
1094
2087
244
1021
1931
1791
369
1063
881
532
1604
816
298
222
113
1464
323
20
1247
2287
433
1843
1357
1112
1059
2020
1044
1310
1278
92
1314
458
1245
513
1271
1235
1009
1685
521
1552
1417
1411
2069
1804
2467
162
2039
704
396
1241
2372
773
229
923
552
2021
807
2343
1032
293
2104
1822
235
1184
658
673
1091
1715
545
1389
1565
1425
430
147
754
824
1050
1218
2315
1659
1572
585
2431
2054
742
318
408
451
1788
1828
211
1265
2385
2056
581
1649
2072
449
606
1327
2498
725
1955
2136
654
636
213
2026
993
2330
2083
1672
1540
270
2030
444
1714
2115
487
2309
2479
372
2289
1027
2051
922
2135
1722
1228
2429
511
1020
642
643
1631
981
466
253
651
353
2313
1609
2410
2180
813
1640
860
1862
1674
1680
1376
1628
2085
533
1375
152
896
1558
1846
1560
62
101
1968
1074
1964
1087
416
1871
1533
564
712
1958
2187
2281
698
1691
24
348
1511
1987
1107
1514
1979
2272
171
231
1688
2411
866
260
2362
250
1463
2208
547
1133
2170
1455
1479
616
1877
924
336
2442
613
357
1658
51
795
489
524
275
53
200
2342
1966
829
438
894
1102
1836
1478
492
965
1275
721
1657
1499
109
539
448
2267
64
921
1993
1348
1884
2438
838
1778
1180
1182
1794
320
6
951
1385
278
543
1905
2396
2108
179
165
918
2099
1785
104
1216
1355
1647
2383
1880
556
461
1830
398
2185
2302
1193
1060
1893
1169
1666
888
1421
1488
2128
535
2489
1448
1618
2004
268
850
2055
817
1070
2152
2299
1975
1795
503
313
577
2157
1064
740
2040
1410
2241
1504
2260
621
2142
1808
2183
1276
615
1881
2488
1610
811
766
2228
978
119
1313
1248
286
1476
1886
598
1627
592
2308
1896
177
2352
1043
1687
252
1632
1309
2061
2196
2344
1423
2445
434
114
52
1583
546
986
122
2483
1041
1805
1807
1440
1085
1366
1999
1482
1251
936
365
2068
462
2337
684
600
607
2341
2064
2301
436
848
1744
2373
256
1612
610
2263
1812
381
501
891
455
1075
57
2472
133
809
914
892
1403
1164
1086
1234
719
288
1293
1923
1002
1484
134
44
2084
1332
1970
1103
886
2375
2458
1383
2207
2378
1392
2399
1419
667
146
2404
1982
2100
1283
1289
1297
770
47
2144
1520
734
1525
1522
1648
2044
343
851
864
233
2163
1338
915
909
439
680
1832
1939
421
525
1439
246
172
1550
1487
563
1491
599
699
1870
1101
1454
2487
490
123
283
2111
2009
340
1670
1030
956
2294
2441
2147
499
1284
1898
1653
370
1894
1629
677
1844
728
711
937
540
983
2031
1122
272
1138
374
2065
895
1597
1386
1142
633
1381
1474
15
2102
1062
1302
1155
363
759
1549
917
215
239
263
1494
2217
820
1729
206
624
2430
1875
1311
2405
186
1994
802
1713
687
1959
1492
387
530
709
1571
1815
536
1539
591
1240
1001
1223
750
352
2242
2062
1834
1733
290
1015
142
1797
804
94
1842
755
1524
853
830
183
985
1879
1179
1584
217
537
656
1528
2210
506
1065
538
1677
1573
663
300
768
238
638
1019
437
1824
718
237
1574
465
1831
95
1333
2392
2250
129
2132
2118
1723
1889
2456
1738
2160
383
953
1651
526
1978
675
715
1853
1963
428
1420
2151
1191
1106
338
1267
116
1839
40
1721
1635
1207
2155
1535
1873
1856
1622
1607
586
2376
1092
828
2074
1980
1430
1098
63
1321
890
255
38
2240
517
1345
2359
1912
899
1467
2082
1774
1746
2120
749
1431
1262
671
1025
1429
696
955
2403
407
1780
1690
523
2049
2141
779
672
575
148
367
2307
1436
932
2379
137
2112
619
2156
1601
1049
2107
875
1564
1323
216
1606
1299
1753
1377
928
1061
1766
417
243
1872
855
1557
898
1712
772
762
916
2219
456
1883
234
1497
910
2162
1749
735
839
1351
2093
788
2321
156
784
2015
1244
1929
1953
315
2494
874
2452
1634
1654
301
1696
2351
1486
635
99
473
1469
2251
1943
58
2459
733
727
1913
2034
1362
2491
644
2408
821
1360
214
661
70
2001
1124
1081
1708
1258
2434
1282
346
1427
1971
262
1756
502
299
2291
195
418
1527
477
2227
2463
424
842
998
1367
2094
18
618
1917
872
1395
871
1303
1608
2079
88
392
254
68
1761
1866
2387
927
371
930
189
2098
2138
939
2050
634
2198
1823
919
1933
1292
1626
11
2124
2262
1017
1319
954
2016
2397
790
745
2077
729
1507
2426
1908
341
647
1633
2203
943
120
2013
1204
2499
554
974
2390
1328
1325
739
1661
934
912
1707
1642
432
1083
1231
1468
873
2139
1891
2
131
867
1259
2244
117
1022
614
724
1555
786
793
818
1885
1689
1203
2043
1595
19
2450
794
1826
1435
1536
1441
645
1214
2114
45
1438
1404
2063
1638
373
1602
1588
125
471
1396
1603
603
482
1099
1779
22
1937
1619
1675
1728
1945
1888
959
832
629
225
2109
2449
785
2212
406
1911
659
1434
157
2347
79
1208
2103
319
1594
1996
1287
823
356
1941
1294
1252
124
400
963
2252
1263
1553
385
90
488
947
199
2395
841
1150
2311
2369
2169
840
2473
264
138
1498
174
1459
1882
2314
2400
1352
787
882
1664
646
2205
2201
86
457
1141
1739
2345
2366
242
507
2230
2204
1802
483
1567
748
1548
228
2234
1187
36
497
2332
574
2328
69
1306
2259
2350
1745
604
1003
494
666
12
569
1356
737
279
555
1605
2453
1623
1847
1932
2246
2182
652
957
508
1224
2283
308
1432
2221
863
950
931
741
1170
595
1305
792
920
1615
2224
491
2052
411
1194
1532
384
1817
1304
1160
1521
2213
1598
2190
2165
805
2460
1197
1308
181
1253
1992
1906
566
570
1637
1190
1916
2121
952
2428
221
1384
2382
780
1709
59
132
1472
193
1529
470
2424
376
1814
884
2391
500
1890
505
2358
1575
1936
557
1416
2297
292
452
1748
1408
1346
2032
1039
1272
1711
1243
31
219
1995
46
1663
812
1924
1266
2368
701
1212
159
1089
1042
1177
707
1273
1462
2265
2355
845
609
1926
2178
427
1731
758
1962
399
2186
625
1489
1174
1750
2238
515
8
708
1394
1004
2247
145
1656
593
2420
752
361
107
2149
2231
2110
2181
2035
2239
1697
653
1428
435
2245
2325
2066
1998
608
2047
331
2439
176
1577
1760
1737
1655
2010
2184
2261
1315
1111
942
834
1523
342
2300
2129
150
1570
431
2059
2179
1029
903
1613
105
420
1551
849
2195
1256
852
655
1162
572
153
1986
2462
774
192
1104
330
1168
1969
2322
443
1222
1110
1254
1130
1867
938
782
415
218
2248
1457
163
1390
2470
1517
1331
496
1365
798
1771
266
2258
2495
1054
778
347
404
1196
1505
2161
61
703
442
161
964
660
596
1295
944
1490
1163
1393
1068
1095
1784
2060
403
958
2481
2304
227
2264
130
379
26
304
160
110
582
472
2253
907
2380
1088
1897
2255
1475
78
2476
49
2028
337
419
1816
2018
321
869
1586
1143
1149
571
1762
2496
1339
450
1837
1887
1858
1591
1378
1920
2220
862
1587
1008
926
2454
17
641
2447
276
359
1079
670
60
1974
995
1724
1192
2497
1374
775
188
1013
14
1317
2008
1291
2222
814
791
2418
602
1320
1371
2409
2229
1578
1453
43
857
2448
1185
1076
760
789
467
2033
1221
1084
1852
241
764
2159
2282
220
1255
900
1510
1541
2048
548
167
1268
626
836
2257
1329
223
1120
962
2493
1704
1956
799
2023
1538
1641
2310
1165
979
1026
2427
1701
1537
558
1471
1630
2243
1809
1734
562
1665
251
2202
1981
1705
970
2402
1848
1759
2266
2166
445
2127
1534
777
2133
697
382
678
1928
2389
706
149
232
265
281
2000
1942
594
1035
201
1592
1706
2353
190
1650
1984
1934
1563
1409
454
990
668
1456
1730
2324
584
409
393
878
1949
1449
2235
2146
1350
82
1326
771
2468
378
203
691
1450
184
835
1136
84
2464
1370
1369
1016
1991
2446
1904
856
510
32
210
2130
2092
1593
1242
2279
1500
1845
1358
722
1786
73
16
103
1012
968
559
1269
1716
2171
2117
66
580
1989
2088
1855
1775
2278
1692
664
204
180
1662
902
1600
2398
166
350
1506
1285
413
1342
1048
738
767
39
2174
1167
1072
391
2003
493
1151
2365
224
1000
1166
822
1280
2134
1324
355
977
1237
1496
151
1236
1869
716
1910
2131
949
322
1082
2271
2073
514
2268
1058
423
7
72
1620
2421
267
394
1700
2143
1617
2457
2437
1754
1298
1679
756
2150
941
622
628
2356
5
1230
1922
1330
1751
589
81
2413
1188
459
1907
597
1581
2012
2211
2153
1334
1260
976
33
317
135
669
1798
568
274
1364
1209
1660
1801
168
354
1793
1461
1694
1140
1718
1199
997
1772
1743
1045
2249
1158
164
1205
843
689
1010
310
913
106
1353
100
1011
649
91
144
1967
612
1566
1710
1347
1596
587
1132
1024
714
324
1046
2274
1460
623
460
1512
576
140
478
509
2194
67
1470
1178
1946
2444
781
154
364
1561
1446
688
2105
380
2364
1985
1397
1249
870
1576
1238
1402
1073
2323
713
93
1952
23
2137
1668
1616
464
2340
1135
230
2106
819
1789
108
1270
994
534
1976
329
127
1066
1833
368
1854
2199
2317
30
2017
847
1171
1213
2022
2071
969
1518
2485
1422
1023
126
1047
1307
1767
1483
1892
665
1639
854
1796
705
1277
690
2406
50
1876
207
2113
1217
901
1057
28
209
1776
1790
1781
212
1736
1935
800
2275
751
966
1412
1415
410
185
1950
1643
2067
2027
2218
1056
1813
844
333
1636
115
56
743
248
686
1695
1864
2338
1116
1055
640
700
504
550
1682
1562
1765
2276
1580
9
1007
2484
2011
1040
826
2384
2455
2419
1481
991
429
1279
1
2443
389
1569
1590
1954
328
2466
1296
1139
1301
1312
85
2116
1485
481
388
992
522
1018
1878
463
858
1109
1865
1678
2363
1119
2348
2029
1827
1336
2295
1300
803
155
1372
1189
1226
1652
2273
2280
1997
390
303
316
1246
55
561
1820
1508
1930
453
1625
2126
980
1210
2090
2140
783
893
2070
1699
1901
2336
474
2435
2038
2173
929
2305
1673
731
1134
1341
1127
1582
967
1703
2329
334
620
1211
693
1516
1405
1202
1006
588
48
2320
1400
258
1755
1129
1343
1621
1543
2053
650
1108
291
1509
360
2290
2095
885
1426
41
933
2292
4
2226
178
1220
13
2303
1451
1860
2197
630
96
1895
2189
1154
143
1480
202
2216
1005
1354
397
1645
573
1800
2414
1067
1215
65
676
2334
2254
1153
1078
757
309
1335
648
2024
89
1835
906
1337
247
2237
259
2096
825
1433
1918
395
769
753
2188
273
2191
1157
1810
796
2401
632
2080
2306
971
1090
1792
808
2215
815
302
1147
1545
1768
1803
10
29
402
889
1811
797
1515
833
1437
285
989
2209
1868
175
1363
484
681
187
1288
366
468
311
1806
1624
1114
2433
261
541
1233
940
1200
1972
426
2006
1717
111
1977
2007
984
314
2167
1840
2339
2192
2367
2284
1948
519
2200
1458
345
2361
1452
1113
1257
1829
1530
2122
695
1742
1770
2425
1914
1126
2164
2474
1037
1173
83
911
1960
1093
2233
295
128
1424
1361
1965
1232
118
2318
1443
1100
226
861
2078
631
2036
827
2393
71
1513
1123
1667
2478
169
