745308
708
751434
2281
1522257
2108
44523
2484
197556
353
2246073
1138
2393798
59
864556
776
740179
2075
1761737
2177
130203
190
948669
1093
1015307
356
1421039
2014
268606
1140
722383
1349
1624114
1006
1937136
277
826262
945
1374395
2497
633930
1698
1959044
1822
1407638
1385
348145
1629
1064019
874
597037
1434
395333
14
2424220
731
1198906
2036
1526656
657
432244
686
2370097
361
843066
1542
288781
1844
2211452
692
1178331
107
1357013
988
604275
152
1908799
291
456836
2445
28353
2240
1822727
2151
2137985
2350
2088672
756
265992
149
641695
1967
54842
2386
461563
1665
1844042
1208
1342866
758
1731382
992
1806235
1378
747953
1646
2277635
957
1140106
1908
306332
307
2294109
1143
869247
977
580989
961
2339717
2057
561264
586
851645
147
109772
2296
1461123
1754
1541119
530
632843
1592
264085
329
1077146
2057
1986128
1817
830645
1667
2477928
867
1438456
2465
334081
566
608486
1609
1553104
1872
965695
1579
1215778
2294
56828
134
1898288
946
2162273
246
1985293
872
1146256
39
656421
1378
663771
2348
413300
1654
969305
756
1432858
946
2086474
213
1140128
107
1928634
793
341964
1577
1160315
1836
1698226
386
1552442
663
468500
622
1989819
143
1534594
522
1475301
1520
1819034
1072
1829080
2384
2469306
1879
1425204
46
1756917
49
684305
1614
1068575
343
1093737
2257
2265382
1333
1301296
2456
304176
595
83489
1650
1298079
2340
2126129
478
1192578
2067
1887404
51
261379
863
1228396
1761
996235
220
1382620
793
1057208
1158
2182411
1838
973584
820
1592639
122
339807
2492
2154098
1514
1225164
1219
