0
1
2
187
4
5
36
7
120
9
10
11
12
13
14
15
16
17
18
76
20
21
22
23
24
25
26
27
28
209
30
31
32
33
34
35
6
37
38
200
40
41
42
43
44
45
46
47
48
49
50
51
112
53
122
55
56
57
58
59
60
61
62
63
233
65
66
67
124
69
70
71
72
73
74
75
19
77
78
79
80
81
82
83
84
85
86
87
88
89
90
91
92
93
94
95
149
97
98
99
100
101
142
103
104
105
106
107
108
109
110
111
52
113
176
115
116
117
118
119
8
121
54
123
68
125
170
127
128
129
130
131
132
133
134
135
136
232
138
139
207
241
102
143
144
145
146
147
148
163
150
151
221
114
154
155
156
157
158
159
160
161
162
96
168
165
166
167
164
169
126
171
172
173
174
175
153
228
178
179
180
181
182
183
184
185
186
3
188
189
190
191
192
177
194
195
224
197
198
199
39
201
202
203
204
205
206
140
208
29
210
211
212
213
214
215
216
217
218
219
220
152
222
223
196
225
226
227
193
247
230
231
137
64
234
235
236
237
238
239
240
141
242
243
244
245
246
229
248
249
