161
176
29
180
224
127
107
189
5
135
36
60
120
78
1
229
2
112
123
56
196
53
155
149
231
55
177
246
129
211
225
92
212
50
238
51
220
11
230
39
97
167
207
142
68
145
54
191
233
86
174
162
122
94
215
98
118
12
44
242
223
232
195
146
194
154
236
240
58
158
81
198
73
32
124
59
244
74
182
171
235
25
8
48
125
4
79
18
35
89
234
69
15
70
175
166
222
72
218
108
14
126
241
33
77
144
203
247
185
237
221
128
200
110
205
132
47
173
99
138
193
183
67
219
7
64
243
115
121
117
217
239
93
227
26
228
150
71
157
152
102
199
178
134
52
168
113
45
13
43
23
27
80
226
10
20
88
165
22
95
83
170
66
202
164
41
46
209
103
28
192
24
172
16
131
17
85
114
37
96
141
63
57
187
3
143
204
249
84
201
49
153
213
140
179
62
38
82
147
106
105
186
214
61
248
181
245
91
0
100
119
190
208
31
111
160
139
156
137
184
76
151
216
19
169
210
206
42
104
40
30
197
163
9
148
101
130
188
109
6
159
133
34
116
90
75
87
136
21
65
