2814
3314
1064
527
3198
2230
1007
1065
1806
1853
2652
2100
568
94
2947
2120
2888
687
1737
1865
1757
3104
1488
161
2214
2576
1764
1090
924
2635
2370
88
1457
394
34
2660
1597
513
1003
3412
721
2122
2841
851
1463
2042
3220
2273
1095
3235
1582
2928
434
1108
72
2859
1326
735
767
2464
3390
2275
2708
3165
2047
3389
1926
2351
3241
986
889
649
293
1181
838
425
991
2156
2441
661
417
295
327
665
382
3021
3237
3188
1956
2138
2344
1371
3258
1150
2334
812
197
3071
2779
1420
1051
3279
2480
427
2125
1775
2494
1075
2728
1985
3444
1632
3494
939
132
3097
2747
2788
1207
1704
647
3297
1082
2278
1157
1992
2360
3362
605
2694
136
66
2657
1540
3261
1719
2218
2765
1271
60
2309
1849
2220
1453
2935
3173
577
3216
3482
1301
2377
2483
1967
630
3145
53
1390
226
1370
1952
1318
261
2379
2831
2640
537
829
1053
2751
1675
1857
2591
383
994
2388
617
1197
370
1000
971
1656
966
841
782
2435
3252
801
245
1726
2810
344
1060
1902
3010
2130
1102
853
1044
3164
3417
2950
2132
1789
237
1487
118
1110
3131
2762
2822
1249
2059
1379
143
1214
2553
2090
942
2116
2876
3190
3330
2632
467
3043
2873
2511
437
1943
702
1738
3316
3450
1645
1107
2915
1072
2961
1224
1278
2976
1819
1695
2682
1760
3003
2373
542
400
2057
3361
35
3347
1795
1843
3282
2289
416
998
119
336
1019
2664
1070
2721
1184
410
2315
2824
23
3462
2313
3267
1313
3162
2801
2551
3323
1198
1010
1897
1406
2346
2223
2185
3383
2556
2235
682
2211
1928
558
250
2840
2206
3238
2646
2755
3171
788
2302
205
1766
2333
1509
722
1798
1581
2515
354
131
768
1796
1643
2402
2149
666
2060
2844
282
496
2924
172
2932
217
1048
3167
2750
1218
2249
139
3239
1762
2034
1622
1339
1836
2115
1693
315
436
1338
1676
2996
948
1877
102
502
3223
3160
1761
2153
386
1423
420
129
2957
2239
1531
923
2654
903
307
16
207
1703
3034
3458
1086
2938
3379
3406
2896
2742
982
588
2816
1284
3214
2855
483
2944
1217
2228
2987
1125
156
2084
1970
1544
2954
3392
326
706
800
24
2879
3377
1139
2696
759
3326
278
539
1585
1910
2389
715
670
2497
2450
1881
726
1828
908
2613
2823
3096
1885
231
98
3265
1435
1124
1734
2897
2974
1593
1296
137
2160
2277
2722
2966
3133
2489
884
2542
1634
1496
3466
1265
824
1176
1758
3045
2250
2051
506
1407
1428
2933
866
723
2637
2881
3081
1061
834
779
634
2850
707
298
384
1932
2417
607
3109
2698
452
1466
1997
2141
2485
581
464
677
1192
2166
574
1678
151
3028
2445
3415
705
1464
521
2198
2358
871
1246
3134
2088
475
2418
1024
1264
956
3103
3477
3447
351
753
1269
3245
2764
1303
2512
1574
429
2335
958
2624
2665
2025
3402
2117
2436
1175
2579
1522
2015
806
1397
347
195
3143
470
3393
353
1959
1091
814
7
1328
1275
1541
2663
1134
1444
1707
2513
796
2890
2219
33
2973
1825
2438
2760
1365
1112
2355
2114
1231
3208
3486
2700
2889
1936
2362
1228
2279
712
2371
929
1484
284
77
2997
302
3159
1562
1178
1873
1869
3475
296
325
1213
3363
1800
2739
3099
145
561
1250
1503
2539
103
1105
825
3141
1650
2709
1787
3088
3
1525
294
1499
408
3398
2325
318
135
737
372
2340
1119
3064
1056
395
1697
1270
654
3115
2929
2939
2037
3366
1620
2923
1334
1830
150
2448
2087
620
2711
1507
3207
1162
1259
2137
2983
2428
393
969
669
1604
2056
2817
2720
1304
922
1130
845
2562
786
2073
2018
2045
1905
2843
446
2164
2675
1516
2503
3453
989
2242
3262
321
755
777
3039
2526
1142
3257
3416
1294
2909
880
2735
3318
3120
260
46
2387
1745
2766
2486
3288
1011
2133
2010
1378
2867
3067
900
330
1776
2970
3139
1601
1805
550
1925
2270
1467
1049
546
2256
2208
211
949
1164
2507
648
1708
498
2697
2177
2424
1388
3070
453
2847
937
2392
2310
2461
3079
3106
1886
2638
1449
1725
3283
1801
2471
1472
3177
2802
3195
1025
423
1298
597
249
80
170
1413
1715
3218
3023
491
363
157
1399
419
3166
1919
3000
864
283
2053
1403
1031
992
2770
2649
2118
2050
259
1084
3155
3493
2639
2981
2602
2707
2011
1422
2586
1277
1391
337
553
1949
1944
2943
798
201
2891
2393
297
308
2292
2222
696
3029
2175
628
359
1283
1307
2908
2952
1276
2163
618
3066
70
171
1860
1274
756
1206
2397
1794
473
1118
3249
1429
1408
364
2472
2151
2403
2666
3350
3454
3299
1512
530
2353
2581
3036
863
2213
3172
3319
681
3233
947
26
962
3410
324
1299
2688
2113
2328
2407
3345
820
2508
1225
3298
2805
42
580
1588
2893
772
479
795
1357
915
268
774
2024
2865
930
92
3230
2768
1004
2951
1358
1352
1489
301
1698
2781
860
2752
2803
1602
2201
2405
810
711
2628
274
667
3116
252
3094
2988
1087
2964
497
3206
1456
785
481
2169
3032
731
3124
3031
1255
3292
2021
586
1729
2727
2268
1122
2263
1234
1564
844
750
1792
1834
2886
1500
1103
790
127
2408
1786
2343
763
2233
180
1953
2192
1983
405
3435
1163
1042
378
3394
2069
401
2754
3280
626
2570
2691
2616
1498
3189
2231
602
2901
355
59
775
835
3209
2002
3142
440
570
3063
3055
106
1938
2067
1335
1767
1309
1565
736
3351
2732
555
1013
1400
1552
1812
499
959
995
695
303
449
265
2470
2828
3243
2386
3169
3396
2382
2447
247
1984
18
2086
1791
857
1534
2934
2205
186
2678
74
2319
762
1490
3309
569
904
2661
1137
2332
3232
3203
320
306
2895
1986
232
2525
3287
1799
71
2571
978
1991
1642
2910
891
2994
2142
340
1603
2091
3348
1174
528
1510
1104
2871
2003
319
1179
216
1665
1421
2259
2401
2286
1291
912
1842
3229
235
2221
209
1573
1093
3062
2858
346
1281
1835
2129
1023
1694
709
2679
3424
2290
592
1717
255
836
189
1868
1960
1993
1088
1610
3069
2413
1651
3311
1731
3364
1736
108
3038
3126
1066
36
3072
2588
3255
2103
1980
224
190
2557
693
895
1389
3026
703
541
642
2077
2326
1386
1557
2187
203
3480
10
105
3437
2356
1113
3296
1587
3478
2509
1237
68
37
3332
646
3291
2322
1230
83
443
1718
2705
1765
1975
438
3197
2469
545
1021
2676
304
3471
1659
155
2136
2041
2081
3422
413
2180
2683
720
1878
194
1549
2454
1969
173
2495
1280
3100
332
724
2482
643
230
134
2655
2314
3153
1461
826
1063
1867
890
3213
549
2101
1290
3250
51
1858
2000
2861
1974
1741
2190
2565
2079
1244
3301
2812
2080
1196
44
494
604
3374
3035
56
1041
2453
765
3434
1661
1018
1699
1555
534
1081
3175
2969
2907
2466
457
3013
850
2726
484
1232
2038
868
1750
1092
996
3242
1543
3191
993
2807
1364
1732
3473
1874
3399
1744
752
1728
2336
1635
946
3467
1777
2481
1317
1485
3408
339
153
3334
3290
1311
1674
1572
120
175
3266
3108
3405
3300
3358
3409
2723
2399
331
3359
1354
1826
1029
2575
2894
27
2776
2152
1483
2032
334
1709
2414
3320
1380
269
2320
1153
1966
2582
93
2687
375
493
2410
57
67
193
1797
2143
350
1159
2549
1961
1535
314
124
945
699
953
1310
3490
1939
2528
1780
368
1504
2703
952
1324
2906
781
3046
1755
2426
3090
1518
461
1772
3372
2412
3315
2126
1922
2979
25
690
200
1973
934
713
1418
2518
291
2076
906
2784
1266
1287
2927
3438
3253
3014
3156
518
1288
220
963
3275
970
3194
3403
3387
472
2159
385
2980
3136
1827
3344
2917
1336
1705
1135
2992
2161
3114
3307
1850
2312
1829
1753
2620
981
154
2524
2667
833
2704
3329
1215
2475
1785
2406
322
2165
1260
729
3002
671
1262
2108
3428
2706
2960
3122
1059
2083
1670
451
61
2787
1308
2260
625
2685
2446
1138
2670
2991
2430
855
562
3328
536
3343
1158
1683
1964
2572
997
468
1513
1577
3352
289
2398
1667
1058
2119
97
846
3007
2429
2065
1348
285
1876
975
1863
2519
292
928
2827
2499
463
1832
1567
655
2099
3187
1272
1229
2274
248
2982
1452
2488
1252
2734
629
1607
2199
905
407
1538
411
1630
2532
1906
1
2913
2194
1627
2139
2942
3384
6
1216
1621
2592
2930
608
2158
1817
698
179
2883
476
69
2484
3186
242
1505
2354
1995
1920
236
104
3264
849
1548
86
21
3324
1594
2796
888
2953
624
113
3442
1580
1028
107
1837
1256
3407
1071
3151
2063
1861
2182
264
1714
1382
1896
2457
1523
2383
1227
1097
391
1203
455
3277
2818
1341
1410
3200
639
1117
1756
2777
2903
1349
1615
2366
2204
632
564
2240
396
1495
254
533
1470
2998
2712
2352
1131
3017
974
631
1811
509
1740
2605
2394
2877
1530
766
240
3378
1289
2455
1253
2096
3016
2304
3281
3150
1431
3025
1909
2692
1923
1194
2615
1912
160
927
2945
659
1050
1879
2786
2985
2804
2049
3430
406
3476
3157
1810
2154
2820
480
367
1447
431
2769
3385
1434
1017
821
2281
831
471
3455
505
2763
2391
1998
1771
532
3179
2641
3128
3260
3125
943
787
198
1239
188
2027
2799
1292
454
2477
3469
2287
691
3211
1687
3082
2189
893
832
109
1160
1576
1727
2887
1749
442
2659
1479
3091
1884
1533
2926
3376
717
576
2017
2338
2121
873
749
2921
2719
2791
2431
909
2433
1852
1360
1415
2308
1222
1405
2474
3386
474
2033
3273
3259
140
1445
2170
2001
1043
3037
444
2349
799
149
582
776
2251
2580
1369
3060
2965
2246
403
791
609
2006
1539
3052
951
2815
2745
2337
2546
843
2975
1652
1233
369
2853
899
2155
1840
2607
3244
794
1927
202
2819
121
1412
234
2207
14
2530
886
1527
3425
1723
870
313
2839
3246
2832
2609
3321
1618
1209
3418
3041
1363
1416
935
365
2718
1713
3049
674
63
1971
2937
1940
1268
2348
275
1238
1038
2756
460
1486
3419
1439
2598
227
2563
1183
2329
1883
883
2560
780
3192
757
176
2478
2196
2022
1427
2449
1319
1508
1414
2245
3019
1571
1847
916
2716
2058
816
2780
2790
162
1862
764
82
277
3337
1609
228
1628
1554
2075
1690
196
1433
2941
2550
1578
2845
2862
1669
133
1809
1735
1831
573
2107
614
1526
1387
575
2793
1793
2671
1426
3204
1691
2241
3224
219
11
3322
3154
859
650
152
2860
371
490
2614
163
2172
874
589
360
697
2467
2715
2420
897
967
1100
2811
3048
1366
941
3085
85
2459
973
477
1589
2535
2437
2070
1458
1345
1151
159
2668
1469
2318
2376
3047
1918
3176
128
3149
2111
2561
142
357
861
1611
1706
557
1579
251
878
708
1172
2813
1383
1841
2795
1109
1187
2367
379
2870
1545
3140
1870
2173
1783
3446
2295
1494
2054
1168
1968
2972
976
689
2541
3375
3170
3308
1965
2019
1916
751
1752
466
39
1856
114
593
2299
862
3227
1012
2
1653
1398
3278
2444
126
3092
349
1666
2381
2004
2124
856
760
54
3368
898
3499
2479
3054
716
2808
2834
1963
2868
2789
110
2357
3178
1584
3470
138
3313
2971
1583
2487
805
2236
1528
1782
1136
1200
3196
1034
2912
1875
3365
3193
1454
1649
1009
1223
2098
1430
3423
2547
3293
2396
1721
1327
1329
1773
1590
192
3174
1990
2993
2736
957
2854
1073
1769
2621
2783
79
158
1903
1981
1481
3441
2892
808
3095
675
1742
2301
1996
926
1743
3001
1598
3201
2363
1068
1613
3098
1267
512
1347
1323
2656
2046
279
615
3248
2884
1491
1251
673
1994
2427
3161
1300
3488
1804
233
641
422
2285
2548
2064
1890
3127
595
1451
1823
778
1154
2623
3202
2585
65
1079
619
1688
1156
22
3411
2016
78
3008
380
1368
2271
3080
2267
2880
710
3286
1807
1519
3336
2465
495
2534
680
270
660
58
3105
1460
1547
38
3342
1537
3400
2587
1191
2636
2626
1941
1520
2048
1356
704
1099
52
323
603
2404
882
999
2105
2702
3479
1864
1037
2731
1619
2521
2866
1759
3312
482
3012
1556
3305
2555
95
1616
1069
2693
1947
2216
3256
658
1639
3006
2492
1002
1465
1152
2851
501
1190
1612
598
2123
734
2761
225
742
3240
1047
2900
1054
3331
1623
76
352
2411
2421
990
2375
622
2443
3436
1448
256
2176
1636
1120
2217
3263
392
2415
62
1180
1226
1455
99
2986
1790
2039
1614
2681
55
2036
2749
1658
2191
311
1685
2232
1600
2782
2714
2669
1913
1471
3367
809
2106
3360
31
1924
2238
2643
1185
450
2384
2677
2266
2307
445
596
2567
1202
183
1083
2984
823
627
517
2689
700
2288
1951
2456
1871
656
1332
2128
404
1591
1854
266
465
1946
1747
1212
2648
2806
2505
3009
165
2821
2848
3484
3254
1106
1155
426
1362
2439
2604
299
456
2171
1474
229
191
19
3117
773
2043
2146
2157
572
2491
1182
199
2074
1020
2040
361
847
2112
2849
2009
3339
1302
148
3158
2416
984
2012
2179
807
2829
2916
1241
2193
727
830
840
2837
746
2135
692
3404
2476
3123
972
2775
2733
1855
412
2243
2330
373
2264
8
3349
2946
178
1746
3303
811
1814
2209
510
84
1914
40
741
3457
3464
1560
2345
2544
1440
977
3152
3236
185
2740
2995
733
3463
3228
901
2835
3059
1668
1592
418
1220
988
1935
1820
921
1005
1517
2564
955
2931
213
2634
2023
1647
2462
2856
854
2296
3065
815
529
1236
754
2882
2792
2885
1524
2257
933
2936
1813
2498
1482
638
1424
2838
2364
2422
1375
1396
3459
244
2538
182
3027
500
538
288
554
2359
804
2225
3295
1606
2627
769
3284
223
792
3272
2905
2395
2062
2674
2452
3497
2200
3310
1188
1551
653
1894
3333
1355
3426
2874
3465
1039
2573
2863
469
2247
2372
1536
362
2690
1425
1321
3077
2061
1730
3212
2321
1781
2531
2237
881
47
1751
531
1297
1006
1803
585
1376
2463
1374
3369
885
3146
1372
4
1888
2673
2007
938
730
2324
3356
3118
950
2999
49
3341
2458
1285
2533
644
2578
272
1126
2569
1768
212
679
2327
2925
2283
329
2255
3051
1821
637
1978
3483
2178
590
1146
3491
1171
3182
2147
3231
747
961
2380
1473
1261
1945
2514
2809
1080
3468
2020
907
1605
676
3199
1989
1167
2419
1205
206
1462
1273
3247
852
2725
1305
613
2131
2914
1778
2031
1367
902
2385
1240
744
2601
1315
1999
3129
1161
1322
3050
2857
1016
1195
184
1417
2759
1815
3004
2490
2227
1128
3285
345
2297
2282
1402
869
2962
262
2167
1089
2224
662
640
1373
1514
267
1710
15
3056
459
2584
2261
789
1147
1625
600
1177
2630
376
3226
3472
1950
887
1988
1055
381
3058
535
204
1979
17
1899
3481
3492
2365
1904
1977
516
594
2642
1314
828
348
2280
965
2825
2104
45
1671
13
3044
1957
1443
2612
167
2197
1027
1353
9
738
1575
2989
1898
913
2110
633
356
1846
2629
343
2026
3401
1872
2434
435
1553
2234
116
3496
2610
1015
3210
1802
822
2425
447
2644
486
2451
1436
2878
1660
3382
328
1480
1672
3183
3083
3102
3274
663
287
2095
32
514
2055
402
2226
273
1248
1561
1824
387
210
551
2400
1074
2729
1026
2773
3391
2595
1900
1442
117
3215
1838
960
1221
526
523
839
1121
583
462
566
2647
2701
2072
125
1438
2594
2210
1340
1437
2778
3040
1497
1646
2748
2746
377
3440
559
280
919
1111
1149
2846
3101
1633
547
1377
2767
2919
2537
1493
2284
1608
2963
2293
399
3474
1057
2303
1144
1040
1351
2590
1958
5
842
3137
3413
1343
3110
3433
1808
1204
1316
2920
2423
793
2608
1401
1987
1655
3075
1501
2798
1684
1067
954
1331
2127
3485
2625
3388
519
2864
584
2212
2717
2940
678
222
1845
3353
621
2262
1848
415
2378
366
276
91
1631
2730
1173
3078
101
2390
2684
492
1384
2276
3163
2183
601
441
2493
684
1052
3148
2068
3354
911
243
169
2044
2593
2265
1186
2195
3217
2341
2078
1045
1893
3335
503
317
2955
3304
30
2956
1937
3371
784
3015
579
2743
1921
1258
1330
2948
1892
3395
1911
1788
1502
3302
3111
1094
587
3089
2097
2596
718
48
1346
2672
2949
1115
914
3205
3443
1733
522
1279
300
478
2527
3024
3373
1210
1542
2653
1459
2342
2252
2361
2771
2599
797
1140
936
3112
3147
281
2552
1638
2102
3222
374
1001
1972
241
290
358
525
1235
758
2066
3234
3022
552
565
1624
2440
1895
73
1295
540
743
3011
1254
2258
20
1692
1822
1770
1361
50
1411
3338
1934
1148
987
181
2758
1712
3185
1657
1511
2724
3445
2566
819
1644
1569
2409
3020
2516
1393
1468
1679
2014
1208
64
2741
925
144
1702
1189
1062
81
2958
1282
1076
918
3397
2603
3420
610
920
2109
1395
2600
174
3181
3317
141
1784
2496
1127
246
2181
3087
3489
166
1763
867
2506
2369
257
803
1629
3268
1720
1626
489
1143
3168
428
877
2977
2374
1816
43
2339
2162
1033
2710
3138
2520
335
719
3449
664
1078
1901
3271
3294
748
725
2902
3076
1381
980
3325
3370
1166
2150
508
1046
2650
312
1211
728
2959
917
2442
2244
12
560
3042
214
1546
623
75
683
2619
931
1662
2291
511
636
2611
556
221
2968
567
2323
1344
606
612
424
1257
827
1948
2918
310
488
1887
1908
651
3221
389
1219
1243
258
1818
1882
263
1478
3033
96
1844
635
1955
2800
1929
2005
879
187
1851
3429
1145
732
599
3276
0
1550
2473
2317
1350
2589
2922
1342
316
701
2651
1193
342
515
1748
2744
1394
2543
865
164
1077
3270
2504
2826
616
2785
1286
1293
520
910
848
2305
3068
1931
2713
1129
1563
1754
1680
1008
3121
3269
1476
1696
2967
2229
430
2248
668
1570
1677
1942
177
3495
1247
2545
3144
3018
3340
253
1682
2904
1689
578
2633
130
1098
341
122
1568
894
1779
2502
745
3460
271
2510
397
3357
1880
111
2836
2622
433
985
504
563
1085
2368
3432
1169
305
3346
3073
876
2522
3487
1681
2306
2842
544
2269
1419
739
2738
2203
1030
1954
3053
1475
1325
2833
1599
309
2830
1933
485
813
1132
3119
2757
3439
2092
1306
2501
1521
2794
2186
2254
2184
2052
1641
2500
1596
1337
2658
1199
2168
688
1245
458
672
168
2911
1096
652
3107
591
2144
2617
940
432
3289
1529
421
1032
87
2298
2174
875
90
1141
3306
3380
2631
2460
1492
3132
783
89
2597
1123
2990
1982
398
548
218
1617
1722
1654
2540
238
2272
2028
1774
2029
1866
714
1839
3225
1664
2577
983
409
112
761
1976
3030
2347
2134
1532
872
1385
3093
2737
41
2606
1170
1201
1889
1114
1686
2583
2331
3086
1859
2316
2188
2432
770
3327
3381
3113
1833
686
123
333
1477
657
1432
932
3061
2568
3219
2978
2875
1409
439
3057
1441
968
2899
944
1506
2089
2008
964
1320
2699
2559
1716
2071
611
694
3074
1648
3355
3498
1640
818
2215
2872
3431
2085
2517
892
3427
239
1700
1035
1962
2618
1917
3452
3451
1133
2898
448
1263
1566
1404
3135
1559
3180
2680
338
2852
1116
2695
487
2753
1701
115
802
1036
543
771
3421
2148
2145
414
1101
388
2140
3456
979
2869
3251
2082
2574
2774
1663
2350
1022
2253
507
837
645
3461
3448
100
208
1915
2311
2094
2202
1724
2294
3414
3005
1637
1891
1450
2300
1333
1595
2662
2529
3130
2523
1359
215
286
1907
1515
2536
571
858
2772
2013
2093
1739
740
2797
29
146
1392
3084
685
1014
2558
1586
390
1312
1558
524
2554
2035
1930
1711
147
28
2030
2645
1242
817
1446
2686
896
1673
2468
1165
3184
