16613082
15568
27392782
4542
33582243
25858
32987702
24204
33627229
19718
17516128
12798
34483884
29044
17341713
33158
5851835
5095
12284800
1158
24991527
27101
17510605
11357
1114824
13432
12799166
13383
27935892
7043
1026829
6344
15112305
14543
8252056
10337
29454405
20806
34693155
10874
10101876
22666
6455855
11061
14967315
9658
217095
31598
5168650
7514
13075433
12916
6407459
31407
24228112
29844
15420801
26326
12437117
2222
25273876
5119
25422148
29055
16015579
25630
15449143
27738
22233997
22145
28139730
24577
29306099
32860
24381122
32343
574818
6951
13455195
7488
10734239
16107
16271444
2334
10942376
13420
9209631
12269
3280972
20718
11763378
24226
4743917
23127
28734207
18128
13717832
23794
34828194
19890
26087521
3681
28096561
14234
26301198
12511
31154055
6212
28382158
21199
14138044
2855
1286048
5767
27932011
564
25855449
24063
29617319
18882
31769438
29235
26396836
4917
18582381
29858
15808203
9234
30710148
6682
22187809
23029
7700852
10291
32493010
23712
28972771
122
13552600
26373
28581637
32799
5442497
6965
21795543
4018
30237679
32713
4175050
19412
22934529
16087
10272475
13942
19594876
992
17047212
29661
2414063
2429
26194404
16325
5004879
26867
11907353
4881
33061498
25218
24772259
18549
23426239
16514
20862149
28767
28496400
2801
3729549
6701
9982021
15261
4396756
2509
25239561
32221
5005223
32976
22335530
12498
2814926
29137
16969337
27884
30499420
6335
28993017
13203
15479754
14569
24926748
16579
22275208
17393
977487
15383
18246703
2269
16701793
33192
8828773
1551
7567248
3465
12499193
17413
23342075
3339
11672569
26895
8158052
2835
22803651
22390
827384
29347
18364203
28464
24837458
14509
34956180
4660
34673905
31696
32798207
1968
21406969
17492
19066412
30301
1098624
20988
30862364
17430
24094685
27604
8302710
27075
33584591
13771
25169140
2903
10877700
14236
29031722
23073
30276896
10276
21836831
26305
8362131
10025
9620388
19054
32497257
24846
1078496
31447
31884781
21424
33107557
22741
29754589
25273
10532350
5135
11276531
13561
32935419
1924
30866603
6876
12311527
3418
6535619
24467
20219111
33713
20132788
31223
6286832
34250
21429437
7928
13791033
10290
1286705
214
2177061
896
26357810
13263
34390223
19994
24226163
21816
8482208
32888
18969790
11122
27768456
30205
6666220
32209
7140901
11663
20437553
22713
20370582
24494
21049991
10042
14776717
23548
14375963
22767
19771113
32599
32272768
13137
15572099
24009
22522584
22286
20338147
25641
20130008
7012
14845761
33794
2877887
4385
14649039
22532
7201699
22814
7556847
8564
9220540
8803
33695590
25685
12673
2888
2118960
15125
23894737
24680
24846998
10976
3558379
5929
11765048
24426
3663743
2297
18888704
22933
19042962
6958
24883626
10624
21127950
25017
8854441
26989
11508033
13654
20008749
14606
2552036
9062
1208071
31890
3666665
22052
9141573
1392
24420667
9799
1365888
28785
26820686
23662
4772762
18056
24889485
27503
28377994
34353
22181236
15204
9974327
30323
12266724
7981
3008335
20109
11293344
29897
9515494
5073
34127065
30332
7405005
6202
17294512
12769
32273191
24931
17255406
16638
6479828
31804
689776
11049
3994829
13393
16371230
6131
16566109
16662
8288043
23212
12144901
19870
15934105
31183
12378747
4637
28930350
7275
23256188
7440
5807415
30694
18742713
11189
21356183
19188
29711681
28318
12330981
31970
16725830
17146
20339870
12986
30049999
2183
26148100
29572
13072355
9996
10496518
12976
24127074
662
6320449
11679
14784879
34181
29058413
25485
22185226
28740
10807946
32086
30923300
16513
11442703
25613
34272471
9304
9750949
17420
34121749
7312
32000333
28930
23002914
15728
29545722
22936
20517470
16018
13216274
12194
19010708
7489
18611676
27366
3673284
28839
1902563
29376
25860897
24022
1619519
16666
14638408
13272
3571160
24026
17852336
3770
24065281
27151
6320874
23433
20494543
5724
10856739
23122
16740669
3098
29626152
24340
15946173
865
7440073
24358
11321704
5674
28932157
10008
21732540
21814
14115534
23094
27929275
14137
28217930
13897
31077245
9556
8890904
15636
5806541
2722
18200067
27268
17271431
23430
6036768
24228
21871966
25043
24690748
4689
10136996
2619
6915820
33806
33800216
4385
27702175
18392
19514808
17883
14421519
33335
426383
362
26750126
7626
33525794
16032
19719346
25355
23876692
14432
4076850
26796
27244890
8799
16731287
22390
18929031
14313
6849016
31773
19234909
34009
13900125
32452
7309022
20499
34634620
5509
24534789
23646
33471825
21232
34286961
13547
30017225
5272
30778155
7212
7392769
23134
20502239
1938
3591805
8107
33861235
22721
2842768
16244
26547635
23711
6130856
18750
3510616
27475
23205099
11343
15534939
27842
2758848
27262
11615238
24315
587289
11773
7695627
24232
3905053
8853
10366274
31013
34701039
6365
11808173
27172
5315673
10606
1723143
84
31123674
17165
836728
34051
4184031
34042
19147837
13729
7394576
20536
21806255
31233
7022180
17589
34301150
32183
1158254
18102
4130999
20502
688485
13407
2519844
33480
357764
26379
21330558
28819
14830162
27422
28388229
32482
26555256
20703
34401480
9679
2619761
17186
22027279
12410
16089407
9465
15748943
21269
2905449
13292
6635456
23765
26944115
7053
34733960
7466
25098934
8197
11596190
15786
29536274
31526
28271746
27578
27594503
519
9198105
2702
26438558
18919
10748356
33149
29223060
20890
10333960
3743
9817418
2598
30373999
22279
17359726
1800
14192803
26223
32855254
3814
26189011
6175
8318831
28467
26292800
22581
26403370
20785
7634931
33374
34534703
6748
8215255
34275
29303024
14742
15037759
26676
29540655
5406
31278510
4505
22440841
27204
31340940
8996
13428162
4961
29529251
30045
31418139
5944
20846680
2980
21592053
20925
12020341
28151
30511657
14096
12097653
3770
4014166
27233
28360480
32132
22971781
19517
27329183
31775
25479393
17613
30026910
34411
31650396
20903
14409397
1202
294795
273
31720724
8525
13176706
6850
29133601
29768
30018645
34630
23229344
32730
2061383
15359
1653399
25198
8975324
22657
30532212
13585
2004612
30888
29053080
20988
23643681
28848
8148846
23653
14955443
24335
1765782
22136
9691059
32403
27083853
18333
29612894
22980
10861719
8697
5641250
16901
20976611
16671
12099218
2644
8823129
30178
23246887
8167
26601745
25712
14105365
27822
28215280
3241
11333201
1841
29300413
8723
9716403
5026
13054983
24923
18198391
4766
27362308
31775
644373
9272
25748267
28567
1736028
26565
8274603
12635
10136169
1523
18495747
10894
7768530
13003
23450361
31648
7546508
8733
13331511
16726
10832250
28126
23657590
5551
3247287
6225
20859612
3483
290523
34896
11581739
20385
19427033
12571
21615694
11918
6485768
9069
12820186
23748
14819272
7760
24140928
386
4868454
19813
6407795
13929
11653069
22755
10701477
12329
31740154
7684
21641380
22137
23177493
22095
33110042
13753
14296435
463
29397770
23724
1813490
33296
1981223
14690
31584868
28746
31492658
31629
33525709
4642
37311
11892
1148773
16428
27006777
8446
9810769
2551
18384941
12245
6783844
624
2620063
1636
29090788
2727
14159651
13252
19434466
29500
20945745
13608
34025435
15751
19050500
10216
28699147
17601
7834823
23845
4063409
26910
19942489
7448
22478148
4216
3607275
7524
10167526
8305
18532278
2320
3219559
14300
22971836
3070
20339315
934
15510411
29537
11245006
6972
20702385
19506
32591488
14817
25242665
18662
13161486
3747
19137047
30975
25296383
6223
27009199
16308
31045947
7143
22275704
16656
3888560
20756
5043900
11711
1641151
3546
19673628
23147
19463885
13189
6032694
11107
2141790
26651
29632687
25142
753002
20152
16237465
34027
21262324
13587
7755493
14738
22304162
32120
21554208
20776
13346956
10548
26046263
20588
16637697
10526
7597038
6045
32222113
2858
18513726
25203
11950930
12460
8222524
20936
27909929
31178
17013159
33855
27586749
3925
7219291
6836
24838133
23526
23905389
19873
632043
33381
4528342
20668
34904654
24475
26477960
10560
3504204
15058
31472261
27550
21561437
12943
11165458
9327
12564203
23359
5329762
7333
31084869
25742
29331460
15034
13941782
22600
34464093
6404
29074550
19755
23906619
25559
28691938
33357
32093331
31090
15286329
18758
31069015
781
16775515
21117
22815305
4943
19313848
2671
7293753
10053
5707061
34274
13971425
10162
15628419
8311
17724821
1863
14104039
17241
10368911
4196
23485660
6577
16420105
16599
21746414
2297
23867517
2357
34035716
17967
25574564
2208
29721748
25648
1090268
10190
17470184
12375
22941351
21515
31331952
13863
31658113
10914
20795196
34107
29795014
21357
12920002
4155
24593518
23579
30833991
21814
24177365
23495
22931248
8967
3506839
34584
2099749
809
17097453
11229
24460322
33511
28457640
1243
5851732
16537
15460261
30686
23335772
8733
29402332
21986
23843399
29926
7670131
10660
338427
34045
26362750
994
27616059
9050
1064939
16993
20728538
10379
10776224
23412
29090141
33638
27953553
8114
3005638
7365
13859539
3915
29852257
21510
6263568
2080
14028966
25381
31860343
14487
24306291
33739
4636148
6315
14715909
1448
8010646
4203
32980913
9468
20681162
22545
6247258
10491
4379283
26692
22186060
27140
16068003
30139
1491517
33931
17897282
1159
7920707
17712
4146317
14160
27130877
22343
6626664
11747
33935447
33526
3348043
1976
24850432
32717
6506359
15191
13091655
21180
2486157
11074
963780
29808
10838518
32953
13043917
21656
18215416
28864
760459
7662
10763298
32583
14654632
17823
34653241
18665
28315131
13732
6779636
13221
30101115
13631
14060043
24008
10722792
29941
22629429
25821
3194761
13128
21048653
3759
21711791
23064
1622437
11351
22205887
8266
24115269
7817
24048859
9098
31295313
7358
31941900
4057
10047646
10349
12758631
18136
24660122
7106
9765671
23665
14062308
17739
25159637
28183
13792114
2681
22909385
12431
18626066
12987
15830511
34628
34189773
13641
29236407
14582
11642657
16160
31407460
2908
34433188
11000
16050329
19809
16702134
6363
8961866
31527
3467943
2495
21014940
10255
21114806
15371
5199280
20675
31075296
33807
2100008
15613
18402322
9766
31537170
28651
12628073
795
4879093
20804
21504435
6183
23023743
27092
25898301
7362
33654588
20589
7206445
15387
21251429
21981
25925450
14548
32137024
32417
653259
8508
26284105
9850
9750510
26845
18339563
12053
4762077
27295
6349519
12253
12709286
16935
1228803
32613
23979347
23386
25623399
33982
20402749
32108
102761
4093
20375274
27253
14673912
17317
17598205
21915
28078209
15549
20724618
19859
24559873
6220
8842214
7113
26909019
10849
19151481
16265
24829471
34636
15009446
30554
28648815
26098
20904598
7236
14494944
32753
6799739
21200
29621242
18585
3616185
12045
11656084
15521
5942951
24623
14139724
31747
32509240
6051
3802606
30210
30650856
13747
16675295
17342
8138510
22028
3578383
5553
8455649
34041
8686687
22368
4115691
33570
13422391
28288
6146268
18029
25943771
12401
11205304
22765
7455978
29823
10689152
21688
14811748
32506
22290940
10172
31836587
23040
3072362
12377
22390700
4648
23556404
15531
33080724
34061
32637162
34926
11783630
11575
28840452
26396
22524349
347
19673215
13072
27311598
13528
20666776
3684
16158597
23483
8340838
29108
12422495
3400
20614911
16346
10584427
27040
21284599
12719
29508219
12356
821521
4093
15862956
28344
24094497
14235
30235010
30804
14849983
7187
20307041
21629
10349942
21346
4869760
2646
9298974
24076
937209
1050
884575
15209
16874817
1055
12357000
13589
5517123
15494
15736153
12014
29071949
32230
34552961
12276
16012407
19235
34939616
14000
18793736
6647
427480
26580
34356632
9614
1066099
4263
11143256
21199
20175986
21117
3234338
32717
30810274
21732
24611885
21720
15298092
32418
26834932
20880
5160100
34829
33445688
27190
26067194
26068
8805794
31358
2287539
20512
30375770
1119
27295405
5752
29411229
18703
21102756
23153
33935738
32505
5747748
24319
23180685
8361
16573922
6356
27285944
7153
6904582
15992
17796664
10723
13858258
18172
14427352
25971
17574649
20585
22921365
6692
23736684
22889
3161985
28772
5235740
4247
31397450
24199
26889049
32744
33305854
21075
17699684
24853
19642814
18135
12071567
26982
28090908
11971
2870393
20854
27171940
6891
7225239
13753
26222912
21819
29036089
7872
26644408
30075
19192546
31387
6351876
30839
8647332
33211
33428924
591
34866860
16171
19342799
21761
30146874
5966
16808431
23979
24008475
26483
32904370
1320
12884286
18187
32316533
1965
275840
13540
18142658
32693
23054121
8959
25939195
9276
32540035
22256
16815536
9228
20086349
32678
1056497
29968
31042622
21144
21822585
5010
34571844
28950
23217493
8502
16119861
1131
13004182
19172
17682449
26824
24973630
30614
31441221
7757
25309418
2121
11611151
1102
9679173
579
2230714
29480
30994665
5931
15040080
809
16867496
34745
12713517
2822
3684356
11129
16088224
19070
29771656
21687
13498194
32268
6705866
25100
7743998
20618
23349534
17757
27336053
6395
13817091
22593
23088357
29791
3238557
22651
29980030
12330
12363102
29770
5904143
7976
19143373
1523
22207200
20555
765375
29651
32913456
34553
27270599
24172
12330782
13666
4799678
8701
23639827
26136
15942308
27191
32070773
16437
33639589
20877
21296225
398
5351358
5722
9004898
2253
7584098
334
17464363
1995
3693301
18279
25239028
19305
27783310
34204
21176835
14113
4429982
22286
19900020
4966
30825976
19211
33706506
10664
20552800
13544
19216737
4916
1133100
29536
6890961
20477
1678228
32689
22644106
883
29378273
8595
20975862
3904
33205447
12384
34687202
16734
25457378
577
4489033
28215
14926276
22025
25238619
16668
5443599
1102
5857542
31644
2599435
310
25205654
13966
20220337
11367
30182832
12275
19005830
16287
26017698
25143
23189044
3050
4375872
20043
37943
14685
7265884
26568
7679559
32382
107648
8711
27002426
19708
345915
24520
18108714
1589
23002204
30579
11896616
12639
12335232
32842
32642064
2726
8189711
4393
27833345
9656
30670284
30768
6026699
14060
4422168
18194
24114306
7714
13184927
33271
31606159
17954
25305791
12574
13186776
20732
19340347
32283
5795380
26143
1368115
33311
22843002
20702
9764892
18714
26379113
13916
25052124
26668
12137875
5389
320247
22560
10529158
20718
32342626
27810
11293815
23300
30962722
1351
11200160
14853
31990693
30752
12749260
31300
19930901
32339
25644644
19705
19083136
22360
17180446
20831
28148134
1758
23302544
14404
10293249
20751
29932469
26331
11737212
25012
4071592
26864
32100040
13271
19094748
7441
15546323
29498
28111809
11282
12947540
23581
20404770
25735
8716675
15113
31464671
2416
33816660
17768
5458582
5860
25520122
29514
24380502
10425
15323154
18116
6844306
16725
656827
1858
4509048
24133
26936615
23911
29730555
25918
18196991
24677
29520418
11101
9385826
15307
31851319
25303
5117084
28496
10282749
10007
11752582
34142
3682532
28084
28967416
30332
17516255
18379
21461931
4409
33292155
26166
18654111
30417
23155021
33173
16550645
33274
26392602
14260
24498189
23492
28519863
3082
2564679
6632
16950860
8611
32234135
19899
21237626
3428
19088559
17698
1615389
34441
21029692
23169
14500551
8559
3943011
30565
22936930
20622
13618788
3550
17160668
3248
22586559
4611
17776551
31631
33880305
28210
21028038
19824
23926018
7147
14915009
18028
31391131
18709
85995
26704
34135639
14248
17882180
8132
21583122
6081
11040287
22044
980610
30075
4559444
1072
10318619
23275
6597865
1702
31550489
23867
29571710
4900
6036441
31724
23334746
21051
10188085
3833
29376484
27379
16701931
22574
26396096
2629
19345062
24101
27274154
24619
2886754
32458
13158136
4383
31143620
24319
9455976
14013
27493373
25363
20310811
28656
21540764
11086
4830585
2022
11117689
16723
17710913
10220
20381785
7686
15034872
3767
16725601
10547
23824025
12076
33847990
2618
30575993
26961
20425457
28089
11194448
10448
31372860
17317
15612071
12828
3746425
20902
31549001
1768
20494519
24792
33794155
3251
24123362
31131
16334126
34764
30667791
17922
337557
1354
15649160
11159
11230323
4168
16179182
30759
25949462
24134
1645709
13454
2988543
13376
24819336
18638
11292174
10408
11174521
34161
18849538
7280
8174389
32516
30623363
33777
6891671
26199
13637637
34204
17978727
10576
9629807
20019
1412330
19282
30782401
1006
4224383
32688
16704659
26882
14033648
23322
6217628
4079
11987916
6572
5327728
31058
8376135
25310
11570826
321
13273499
10741
25993236
25739
7892741
34474
12939368
12989
34496405
5567
25561548
2223
15924925
21901
32253680
6322
29560409
34516
26757407
32848
8533086
16028
18192252
13803
17735057
26951
16466682
15184
5778395
10668
5646473
8272
25945543
3934
13321859
24348
8967746
25753
3940907
2652
32425699
3774
5996369
743
6222752
2306
18229902
228
19574821
25218
31572622
10323
14798427
28501
16128715
7033
360127
7285
5794632
18248
6998446
15289
13050317
3495
424880
10857
7713521
6887
9278339
2598
7297086
14447
28740849
8831
18949106
27131
2097537
13686
30170513
24652
29808236
23227
5522592
30302
30682808
7646
19029142
7961
6325531
1839
30883666
15797
25268514
8545
10057139
2853
6842796
34167
10192220
2122
22179251
12398
12265985
4250
26253861
17506
5261013
812
29211593
17615
4108940
4010
8658899
3576
14873331
25400
3081115
33911
9007183
31613
20947001
31560
12253810
30504
31087094
3682
1080269
16751
30691369
2961
21526187
25453
11855411
12375
9393554
533
2944207
19834
8268507
22618
8347848
16956
12070589
12949
30964599
10982
32641307
28818
25204017
30485
10933269
12420
12401838
17271
26354759
19636
15296348
11252
4548833
22626
1007336
10015
10143099
84
32316030
4167
10157987
151
31173845
24781
16813204
10566
31017901
4718
9328526
22299
20322150
6450
14377350
30148
1017450
8925
13496604
14000
29415496
33413
21612993
33901
31465678
24349
7343181
18659
34776564
34482
18128454
1581
30844545
8688
25714944
13300
8767388
30586
11024848
2877
2975584
21252
6417669
19519
33056325
8879
31853682
2571
23090023
46
4341217
11569
21286956
19350
368544
13607
16940656
29840
34221629
22367
7828431
13609
8611378
2750
4706733
8306
23336409
25530
16759344
20728
21466301
30360
587534
6
14358533
31204
16929347
7929
6279855
24131
18508763
15027
2572204
12644
33415247
11357
33985577
16777
8581081
8186
34280729
27679
5272672
24174
28359874
2309
2316457
12271
29596246
9460
24000639
18016
7387885
12606
8644218
34729
28967047
32718
13038687
14610
16333937
17217
14545154
9860
30701495
29577
15712817
19290
27118037
18891
5939913
4369
18955793
7916
8116560
10154
29744717
18660
18538299
26988
14914665
29505
21074631
32396
16963170
20094
33605865
27148
27663341
7438
9070393
13632
12242445
33912
12926739
24108
12773950
19511
19294115
20719
15409568
14262
27070659
12187
19473017
1385
19778242
34811
6140013
22826
29941569
13423
8420387
16650
30424374
4874
1761513
22019
13126194
18886
31206420
22535
21082913
1056
24881482
28249
13241440
19534
14872897
20842
32659922
10259
21308714
28881
14614135
23342
21674901
14706
19733898
19558
24536804
27849
9813027
10229
19460414
18932
31134106
30983
14578722
4005
26898112
5726
20263898
32299
8439196
14958
32162618
31101
28460395
30795
21035966
20070
30117656
29939
8817962
24900
3989000
11867
2602809
27196
10306174
14972
15202589
16863
16289025
23459
1135125
20595
34201775
26508
20758721
24859
15323885
19968
18799698
29718
800059
22422
11021417
26367
27954794
29773
4749020
5392
5770464
7712
17390674
4526
18935536
10299
26613626
21021
11441120
12123
17785723
24377
18034378
11375
7640084
6774
7722849
10792
29002248
27333
778821
10442
1143960
12640
1775696
13514
15232658
21055
20402627
5194
20213925
33176
34902691
31485
30907385
23330
6892654
3810
34991310
33065
1212956
22269
21363608
5075
30821973
25329
7216117
587
13206379
109
2200303
13054
28419179
11903
12933405
27293
19416631
32635
25639155
5388
7114332
359
17735719
12788
28473240
23933
6039242
26776
11788301
15150
33353714
412
5569356
29941
29071007
889
31584856
26597
4885555
26325
29262565
20358
8448310
31189
15920560
3603
22669733
20575
34054192
24294
21718676
2089
5361894
31122
21521197
17508
26301762
5153
13369930
30839
26170094
27326
9183699
18698
16500860
33500
17624535
5836
9539188
23832
26842326
13460
10831704
4070
12274680
25823
5922291
24990
15294988
24656
30425694
34904
2317705
16503
13792128
692
15919768
8003
10350149
246
19264472
20922
6657980
8577
23047605
5417
9291398
25791
14906398
17983
26702675
6659
5549189
4406
14239275
22665
25697367
3720
30165956
9898
32190917
14816
22123909
13012
21411770
26349
220445
5540
612384
17865
14293851
10450
31091514
29964
24528649
15977
26535254
373
31851141
7923
33293739
3868
22366126
1177
25385811
32541
7180962
31761
33670481
33456
27089742
10892
11052900
5213
15127567
986
22489567
1266
28329120
8983
11632759
1110
19626542
25372
7726629
32669
11560357
4544
1028700
15919
7904925
18154
6316417
9584
20914927
12374
12197981
4465
24843928
22957
25089249
28353
9121512
7943
14487993
26891
6413705
3456
16574030
4820
23813644
24900
33425787
13257
5271585
31626
26293465
7709
18036045
10402
5980934
8000
13816927
6373
7332300
23443
940629
24870
34865863
30944
4658146
32446
23672318
29784
10577107
28355
8701883
13477
34384868
1363
5937884
15632
11780724
11572
13723282
34079
20426729
29675
14548984
4324
33836435
4025
2687231
10139
21330942
1048
19183544
12819
2329720
10830
23905453
11596
27305970
22742
27004406
19317
33440401
20655
12847037
1065
5426205
18826
14681463
28727
928659
24820
31887341
12152
20195780
1168
3521322
18654
27722567
20916
9051773
31955
24920938
20001
28590250
6237
29326111
4941
32820817
24710
9881308
1014
12912604
14360
15420196
21226
3028308
34857
34254646
29428
12997121
31703
23561829
25729
32668680
22371
34151679
9051
14146555
29810
29937937
26308
25674278
30720
2642813
9542
11179558
6885
168341
23931
24736540
28618
17719402
25264
22005756
17497
9602576
21411
22679312
23629
27650332
14076
4336241
23220
16737059
5574
17490736
27355
56421
6360
3856541
28417
12761502
27779
7816682
30530
12254154
8987
13255669
13617
1691090
12005
27953476
24439
32834887
15460
31891088
18214
13356487
27189
16698536
3336
34406449
16369
33151091
22759
23623725
28305
2122914
5312
25169017
13744
32481347
5799
27164734
10119
1275045
16417
29627341
19878
250614
13597
19224879
17692
2833775
19617
11706452
27851
13123072
496
31743972
5985
19001733
21802
13097106
29319
31819758
12712
14945285
6268
12958078
20160
27629161
15751
13238933
8787
34372967
27121
13710760
1807
33996234
17248
5393316
13854
11652766
15905
2791471
10166
27974345
27723
34608981
25689
6821528
23106
14277150
3497
4964835
16285
19334890
14545
13115898
17897
32301698
21907
12878475
33625
6140200
2221
17728929
21228
28256757
7288
23360509
17394
20833628
15071
6042846
1822
22639406
34001
30329740
30599
11604851
23904
19181334
18942
16944868
7622
22765021
20205
17441717
32830
10458967
1968
14338023
29818
13334217
16259
23549912
30867
30738053
20284
4469711
21026
34613799
17366
17910008
24626
20470712
21129
1457617
15065
9844878
27397
29323142
4804
3589800
23852
3663643
2840
21242840
17031
13497005
6447
1246561
32704
31898609
11521
21636422
7062
9307957
17906
999673
13907
19787161
5584
16013620
29676
8021126
16275
25129869
30811
27290723
4443
11465276
28369
7315867
15079
20793715
4308
8794268
7104
11512197
23093
34974499
1809
19285239
4701
13565331
1983
7155078
10504
7456370
7724
33877369
15235
8742605
20928
6711565
10051
28174419
10081
4203041
17774
11154446
31563
9577497
33374
5179709
6182
34069165
4037
17857160
14405
16933402
31319
10136190
24065
28196205
19995
7880443
31663
3575566
31162
21964785
17924
5370055
7848
34442398
34578
600586
21894
24123240
1797
13388566
18499
31059024
15849
6686798
3668
27874660
5774
17400926
25550
10496920
23519
27443764
7577
1338946
25954
2831120
15874
26561230
16037
14310730
13498
30600628
23892
15100090
24194
9187893
28755
1586652
31497
32903642
16096
11525619
7659
8423347
31091
23608839
30919
8628198
2831
32854456
33543
13304839
20466
19559143
31180
27805313
7547
14409403
25717
32755959
14328
23763364
10920
8987426
20444
31220179
7688
20722732
955
29972338
18829
33791932
6114
981344
12911
22858587
1660
16748266
32083
11005055
2158
27488411
9087
22831356
29549
26452518
19392
14788869
16958
26399130
26427
18908205
13797
6776919
25268
7178950
54
23745396
27458
14458933
8745
14684385
5294
12976158
8484
28258002
32300
9478610
16577
6678713
26822
3838164
18002
9063088
30262
32039091
21761
31783269
20742
29446063
32692
8314308
965
1366767
27508
20727433
33416
32173492
16983
4406771
27602
25475565
18045
12354026
29047
20496361
12598
17724681
33006
32576000
34742
2504722
29621
27535724
11943
7698094
25621
17632359
30865
13403413
33039
23482881
32494
21324298
28011
30451306
11801
292524
11602
27918587
16892
23103325
7382
17225556
14818
29819861
5532
20776320
1185
16277908
1960
15526699
5172
18921463
830
24165123
8069
23605670
3751
34416071
34379
10438520
6760
11378687
11642
2086015
14365
2120088
18381
33782040
19841
23244402
34446
9364043
26458
12908846
13814
23231288
13929
33502101
33261
25040853
18914
13976744
12345
33601539
27803
2414163
14646
30453413
22906
8651363
18409
8223643
21878
30668189
27505
12400599
2426
34118564
34907
22031723
32695
5910868
16228
7972179
18502
24447586
34874
16072709
4317
22757118
13369
18072111
25414
21429599
17271
2267635
3569
16239400
3082
14009154
25313
13394139
24611
21562544
23068
34905176
6934
14463302
32503
2504345
2406
19551710
1125
13351012
4491
8842251
7759
22270707
9374
21710244
7936
24002564
30147
25312661
24309
27903934
8967
27723647
32277
13286385
23932
27679655
15587
14581184
5708
17516396
31003
33892864
8672
19133084
23059
209704
27357
2452398
9407
12258689
32850
12942678
10081
23530455
32075
12380016
24587
2337209
1472
4111955
23256
5406205
9383
30149739
10171
23694878
1316
14121294
32536
12920067
15004
17247086
13475
33474742
5380
14937636
29707
12630922
28312
11446386
18790
3918172
3358
14555604
5927
22633750
5543
943181
31981
17703331
17360
19587750
22320
