0
1
2
3
4
5
6
7
8
9
10
11
12
1157
14
15
16
17
18
19
20
21
3263
23
24
2472
26
27
28
29
30
31
32
33
229
35
36
1145
38
203
40
41
42
43
44
45
46
47
48
49
50
51
1738
53
54
55
56
57
58
59
60
61
62
63
64
65
66
67
68
69
70
2971
72
73
74
75
76
77
78
79
80
81
82
83
84
85
86
87
88
89
90
91
92
93
94
95
96
97
98
99
100
101
102
103
104
105
106
107
108
2264
110
873
112
2592
114
1210
116
117
1126
119
120
121
122
123
2376
125
126
575
128
2829
130
131
132
133
134
135
206
137
2883
139
140
3095
142
143
144
145
146
147
148
149
150
151
152
773
154
1579
156
157
158
159
1736
1645
162
2470
164
165
1875
167
168
169
170
171
172
173
174
175
176
2393
178
940
180
181
182
183
184
185
2510
3126
188
189
190
191
637
193
1386
1729
3001
197
198
3064
2732
201
202
109
204
205
136
207
208
209
210
211
212
213
214
215
216
217
218
219
220
221
222
223
224
225
226
561
228
34
230
3176
232
233
234
235
236
237
238
239
240
241
242
243
244
245
246
247
248
249
250
251
252
253
2982
255
724
257
258
259
260
261
262
263
264
265
266
267
2362
269
2050
271
272
273
274
275
276
277
278
3042
280
281
282
283
2793
285
286
287
288
2545
290
291
292
293
2310
295
296
297
298
299
300
301
348
303
304
305
306
307
308
309
310
311
312
313
314
315
316
317
318
319
320
321
322
323
324
325
326
2756
328
2070
330
331
332
333
334
335
336
337
338
339
340
341
342
343
344
345
346
347
517
349
2597
351
352
353
354
355
356
357
358
359
360
361
362
2535
364
365
366
748
368
369
655
371
372
373
374
375
376
377
378
379
380
381
382
383
384
385
386
387
2042
389
390
391
2435
393
539
755
1843
397
1544
399
400
401
402
403
404
405
406
407
408
516
1324
2317
412
1829
414
415
416
417
418
419
420
421
3370
423
424
425
426
427
428
960
430
3325
432
433
434
435
436
437
438
439
440
441
442
443
444
445
446
447
448
449
450
451
452
453
454
455
456
2559
458
1256
460
461
462
463
464
465
943
467
468
469
470
471
1195
2107
474
475
476
2427
478
479
1834
481
482
483
484
485
1275
487
488
489
490
491
3138
493
494
495
496
497
2062
499
500
501
502
503
504
1198
506
507
508
509
510
511
512
513
514
515
409
302
518
519
520
521
522
1197
524
525
526
527
528
529
530
531
1360
1613
534
535
536
537
538
394
540
1225
542
543
544
545
546
547
548
549
550
551
552
553
3058
555
556
557
558
559
560
227
562
563
564
565
566
567
568
569
570
571
572
573
574
127
576
577
578
2008
580
581
582
583
584
585
586
587
588
589
590
591
3078
593
811
595
596
597
598
599
600
1431
602
1720
604
605
1472
607
608
609
610
611
612
613
614
2964
616
617
618
3375
620
621
622
623
624
625
626
627
628
629
630
631
632
3440
634
635
636
1153
638
639
640
641
642
643
644
645
646
647
648
844
650
651
652
2490
654
370
656
657
658
659
660
661
662
663
664
3206
666
2942
668
2922
670
671
2073
673
1962
675
676
677
678
679
680
681
682
683
684
685
686
687
688
689
1772
1811
692
693
694
780
1280
697
698
699
700
701
702
2304
704
705
706
707
708
709
710
711
712
713
714
715
716
717
718
719
720
721
722
723
256
725
726
727
728
729
730
2757
732
876
996
735
736
737
738
739
740
741
2371
743
744
1244
746
747
367
749
750
1602
752
753
754
2199
756
1691
758
759
760
2700
762
763
764
765
766
767
768
769
770
771
772
153
774
775
776
777
778
779
2492
781
782
783
784
785
786
787
788
789
790
791
792
793
794
795
796
797
798
199
800
801
802
803
804
805
806
807
1012
809
810
594
812
813
814
815
816
2878
818
819
820
1606
822
823
824
825
826
827
1747
829
830
831
832
833
834
835
836
837
838
839
840
841
842
843
649
845
846
847
848
849
850
851
852
853
1518
855
856
857
858
859
860
861
862
863
864
865
2163
867
868
869
2285
871
872
111
874
875
733
877
878
879
880
881
882
1543
884
885
886
887
888
889
890
891
892
893
894
895
896
897
2019
899
900
901
902
903
904
905
906
907
908
3261
910
911
912
913
914
1498
916
917
918
919
1231
921
922
923
924
2112
3385
927
928
929
930
931
932
933
3458
935
936
937
1319
939
179
1593
942
3041
944
2338
946
1213
948
949
950
951
952
953
954
955
956
957
1505
959
429
961
962
963
964
3049
2680
967
968
969
970
971
972
3086
974
975
976
2651
978
979
2217
981
982
983
984
985
986
987
988
989
990
991
2847
993
2031
995
1430
997
998
999
1000
2128
1097
1003
1004
1005
1006
1007
3472
1009
1010
1011
808
1013
1014
1015
1016
1017
1018
1019
1020
3104
1022
1023
1024
1025
1026
1027
1028
1611
1030
1031
1406
1033
1034
1035
1036
1037
1038
1039
1872
1041
1042
1043
1044
1045
2204
1047
1048
1049
1050
1051
1052
1053
1054
1055
1056
1057
1058
1059
1060
1061
1062
1063
1064
1065
1066
1067
411
1069
1070
1071
1072
1073
1074
1075
2784
2731
1078
1079
1080
1081
1082
1083
1084
1705
1086
1087
1088
1089
1090
1091
1092
1093
1491
2549
1096
1002
1098
1099
1100
1101
1102
1103
1104
1105
1106
1107
1108
925
1110
1111
1112
1113
1114
1115
1116
1117
1118
1119
2144
1121
1122
1123
1124
1125
118
3489
1128
1129
1130
1131
1132
1133
2104
1135
1136
1137
1138
1139
1140
1141
1142
1865
1144
37
1146
1147
1148
1149
1150
1151
1152
192
1154
1155
1156
13
1158
1159
1160
1161
2188
1627
1728
1184
1166
2394
1215
2987
1170
1171
2599
1173
2512
1175
1176
1177
1393
1179
1180
1181
3300
1183
3082
1185
1186
1187
1188
1189
2868
1191
2078
1193
1194
472
1196
1164
505
1199
1200
1578
1202
1203
1204
1205
1206
2698
1208
1209
115
1211
1212
947
1214
1168
1216
1217
1218
1219
1220
1221
1222
1223
1224
541
1226
1227
1228
1229
2228
920
1232
1233
1234
828
2602
1924
1238
1239
1240
1241
1242
1243
745
1245
1246
1247
1248
2232
1250
1251
3308
2318
1254
1255
459
1394
1258
1259
1260
2653
1262
1263
1264
731
1266
1267
2785
1269
3380
3283
1272
1273
1274
486
1276
3400
1278
1279
3451
1281
1282
2235
3053
1285
1286
1390
1296
1289
1290
1291
1292
1293
1294
1295
1288
1297
1298
1299
1300
2666
1302
1303
1304
1305
1306
1307
1308
1309
1310
1311
1312
1313
1314
1315
3438
1317
1318
938
1320
1321
1322
1323
410
1325
2919
1327
1328
1329
1330
1331
1332
1333
1334
1335
1336
1337
1338
1339
1340
1341
1342
2053
1344
1345
2870
1347
1348
1349
1350
1351
1352
1353
1354
1355
1356
1357
1358
1359
532
1361
1362
1363
1364
1365
1366
1367
1368
1369
1370
1371
1372
1373
1374
1375
1376
1377
1378
1379
2213
1381
1382
1383
1384
1385
194
1387
1388
1389
1646
1391
1392
1178
2673
1395
1396
1397
1398
1399
392
1401
1402
1403
1404
2483
1032
1407
1143
1409
1410
1411
1412
1413
1790
1415
1856
1417
1418
1419
1420
1421
1422
1423
1424
1425
1426
1427
1429
1428
734
601
1432
1433
1434
1435
1436
1437
1438
1439
1440
1441
1442
1443
1444
1445
1446
1447
1448
1449
1450
1451
1452
1453
1454
2993
1456
1457
1458
1459
1460
1461
1462
1463
1464
1465
1466
1467
1468
1469
1470
1471
606
1473
1474
1475
2471
1477
1478
1479
1480
2564
1482
1483
1484
1485
1486
1487
1488
1489
1490
1094
1492
1493
1494
1495
1496
1497
1759
1499
1277
1501
1502
1503
1504
1797
1506
1507
1619
1509
1510
1511
1512
1513
1514
1515
1516
2064
854
1881
1520
1521
3084
1523
1524
2618
1526
1527
1528
1529
1530
1844
1532
1533
1534
1535
1536
1537
1538
1539
1540
1541
1542
883
398
1545
1546
1547
1548
1549
1550
1551
1552
1553
1554
1555
1556
1557
1558
1559
1560
1561
1562
1563
1564
1565
1566
1567
268
1569
1570
1571
1572
1573
1574
1575
2612
1577
1201
155
1580
1581
1582
1583
1584
1585
1586
1587
1588
2374
1874
1591
1257
941
1594
1595
1596
1597
1598
1599
1600
1601
751
1603
1604
1605
821
1607
1851
1609
1610
1029
1612
533
1614
1615
1616
1617
1618
1508
1620
1621
1622
1623
3327
1625
1626
1163
1628
1710
1630
1631
1632
1633
1836
1635
1636
1637
2082
1639
1640
1641
52
1643
1644
161
1287
1647
1648
1649
1650
1651
1652
1653
1654
1655
1656
1657
1658
1659
1660
1661
1662
1663
1664
1665
1666
1667
1668
1669
1670
1671
1672
1673
1674
2127
1676
2119
1678
1679
1680
1681
1682
2044
1684
1685
1686
1687
1688
1689
3079
2654
1882
1693
1694
1695
1696
1697
1698
3163
1700
1701
1702
1703
1704
1800
1706
1707
1708
1709
1629
1711
1712
1713
1714
1715
1716
1717
1718
1719
603
1721
1968
1723
1724
1725
1726
1727
523
195
1730
1731
1732
3153
1734
1735
160
1737
1642
2384
1740
200
1742
1743
1744
1745
1746
1235
1748
1522
2513
1751
1752
1753
1754
1755
1756
1757
1758
915
1165
1761
1762
1763
1764
1765
2799
1767
1768
1769
1770
1771
690
1773
1774
1775
1776
1777
1778
1779
1780
1781
1782
1783
1784
3393
1786
1787
1788
1789
1414
994
2798
1793
1794
1795
1796
958
1798
1799
1085
1801
1802
1803
1804
1938
1806
1807
1808
1809
1810
691
1812
1813
1814
1815
3168
1817
1818
1819
1820
1821
1822
1823
1824
1825
1826
1827
1828
413
1830
1831
1832
1833
3399
1835
1634
3194
1838
1839
1840
1841
1842
396
1531
1845
1846
1271
1848
1849
1850
1608
1852
1853
1854
1855
1416
1857
1858
1859
1860
1861
1862
1863
1864
1408
1866
1867
1868
2088
1870
1940
1040
1873
1590
166
1876
1877
1878
1879
1880
1519
1252
1883
1884
1885
1886
1887
1888
1889
1890
1891
1892
1893
1894
1895
1896
1897
1898
1899
1900
1901
1902
1903
1904
1905
1906
1907
1908
1909
1910
870
1912
1913
1914
1915
3229
1917
3109
1919
1920
1921
1922
1923
1237
1925
1926
1927
1928
1929
1930
1931
1932
1933
1934
1935
2325
1937
3209
1939
1871
1941
1942
1943
1944
1945
1946
1947
1948
1949
1950
1951
1952
1953
1954
1955
1956
1957
1958
1959
1960
1961
674
1963
1964
3479
1966
1967
1722
1969
1970
1971
1972
1973
1974
1975
1230
1977
1978
1979
1980
1981
1982
1983
1984
1985
1986
1987
1988
1989
1990
1991
1992
1993
1994
3388
1996
1997
3107
1999
2000
2001
2501
2003
2004
3187
2006
2007
579
2009
2010
2011
2012
2013
2014
2015
2016
2017
3410
898
2020
2021
2022
2023
2024
2025
2026
2027
2028
2029
2030
1791
2032
2033
2034
2035
2036
2037
2038
2039
2040
2041
388
2043
1683
2045
2046
2047
2048
2049
270
2051
2052
1343
2054
2055
2056
2057
2058
2059
2060
2061
498
2063
1517
2065
2066
2067
2068
2069
2509
2071
2072
672
2074
2075
2076
2077
1192
2079
2080
2081
1638
2083
2084
2085
2086
2087
1869
2089
2090
2091
2092
2093
2094
2095
2096
2097
2098
2099
2100
2101
2102
2103
1134
2105
2106
473
1021
2109
2110
2111
1109
2113
2114
2115
2116
2117
3117
1677
2120
2121
2122
2123
2124
2125
2126
2355
1001
2129
2130
2131
2132
2133
2817
2135
2136
2137
2138
2139
2140
2141
2142
2143
1120
2145
2146
2147
2148
2149
2150
2151
2152
2153
2154
2155
2156
2789
3352
2905
2160
2161
2162
866
2164
2165
2166
2167
2168
3362
2170
2944
163
2173
2174
3120
2176
2177
2178
2179
2180
2181
2182
2183
2184
2185
2186
2187
3245
2189
2190
2191
2192
2193
2194
2195
2196
3428
2198
395
2200
2201
2202
2203
1046
2205
2206
284
2208
2209
2210
2211
2212
1380
2214
2215
2216
980
2218
2219
2220
2221
2222
2223
2224
2225
2226
2227
1976
2229
2230
2231
1249
2233
2234
2635
2236
2237
2238
2239
2240
2241
2242
2243
2244
2245
2246
2247
3236
2249
2250
2251
2252
2253
2254
2255
2256
2935
2258
2259
2260
2650
2262
2562
39
2265
2266
2267
2268
2269
2270
2665
1270
2273
2274
2275
2276
2277
2278
2279
2280
2281
2282
2283
2284
1911
2286
2287
2288
2289
2290
2291
2292
2293
2294
2295
2626
2297
2298
2299
2300
2301
2302
2342
703
2305
2306
2307
2308
2309
1847
2311
2312
2313
2314
2315
2316
2108
1253
2319
2320
2321
2322
2323
2324
1936
2326
2547
2328
2329
2330
2331
2332
2333
2334
2335
2336
2337
945
2339
2340
2341
2303
2343
2344
2345
2346
2347
2348
2566
2350
2351
2352
2353
2354
1675
2356
2357
2358
2359
2360
2361
2791
2363
2364
2461
3401
2367
2368
2369
2370
2862
2372
2373
1589
2375
124
2377
2378
2379
2380
2381
2382
2383
1739
2385
2386
2387
2388
2389
2390
2391
2392
177
1167
2395
2396
2397
2398
3358
2400
2401
2764
2403
2404
2405
2406
2407
2408
2409
2410
2411
2412
2413
2414
2415
2416
2417
2418
2419
2420
2421
2422
2423
2424
2425
2426
3121
2428
2429
2430
2431
2432
2433
2434
1400
2436
2437
2438
2439
2440
2441
2442
2443
2444
2445
2446
2447
2448
2449
2450
2451
2452
2453
2454
2455
2456
2457
2600
2459
2460
2365
2462
2463
2464
2465
2466
2467
2468
2469
2172
1476
25
3179
2474
2475
2476
2477
2478
2479
2480
2481
2482
1405
2484
2485
2736
2487
2488
2489
653
2491
2327
2493
2494
2495
2496
2497
2498
2499
2500
2002
2502
2503
2504
2505
2506
2507
2508
329
186
2511
1174
1750
2514
2515
2516
2517
2518
2519
2520
2557
1076
2523
2524
2525
2526
2527
2528
2529
2530
2531
2532
2533
2534
363
2536
2537
2538
2539
2540
2541
2542
2543
2544
289
2546
695
2548
1095
2550
2551
2552
2553
2554
2555
2556
2521
2558
457
2560
2561
2263
2563
1481
2565
2349
2567
2568
2569
2570
2571
2572
2573
2574
2575
2576
2895
2578
2579
2580
2581
2582
2583
2584
2585
2586
2587
2588
2589
2590
2591
113
2593
2594
1995
2596
350
2598
1172
2458
2601
1236
2603
2604
2605
2606
2607
2608
3025
2610
2611
1576
2613
2614
2615
2616
2617
1525
2619
2620
2621
2622
2623
2624
2625
2296
2627
2628
2629
2630
2631
2632
2633
2634
1283
2636
2637
2638
2639
2640
2641
2642
2643
2644
2645
2646
2647
2648
2649
2261
977
2652
1261
1169
2655
2656
2657
2658
2659
2660
2661
2662
2663
3094
2271
1301
2667
2668
2669
2670
2671
2672
1592
2674
2675
2676
2677
2678
2679
966
2681
2682
2683
2684
2685
2686
2687
2688
2858
2690
2691
2692
2693
2694
2695
2696
2697
1207
2699
761
2701
2702
2703
2704
2705
2706
2707
2708
2709
2710
2711
2712
2713
2714
2715
2716
2717
2718
2719
2720
2721
3114
2723
2724
2725
2726
2727
2728
2729
1760
1077
1741
2733
2734
2735
2486
2737
2738
2739
2740
2741
2742
2743
2744
2745
2746
2747
2748
2749
2750
2751
2752
2753
2754
2755
327
1265
2758
2759
2760
2761
2762
3453
2402
2765
2766
2767
2768
2769
2770
2771
2522
2773
2774
2775
2776
2777
3354
2779
2780
2781
2782
2783
2772
3208
2786
2787
2788
2157
2790
1568
2792
2207
2794
2795
2796
2797
1792
1766
2800
2801
2802
2803
2804
2805
2806
2807
2808
2809
2810
2811
2812
2813
2814
2815
2816
2134
2818
2819
2820
2821
2822
2823
2824
2825
2826
2827
2828
129
2830
2831
2832
2833
2997
2835
2836
2837
2838
2839
2840
2841
2842
2843
3363
2845
2846
992
2848
2849
2850
2851
2852
2853
2854
2855
2856
2857
2689
2859
3152
2861
742
2863
2864
2865
2866
2867
2947
2869
1346
2871
2872
2873
2874
2875
2876
2877
817
2879
2880
2881
2882
138
2884
2885
3259
2887
2888
2889
2890
2891
2892
2893
2894
3269
2896
2897
2898
2899
2900
2901
2902
2903
2904
3418
2906
2907
2908
2909
799
2911
2912
2913
2914
2915
2916
2917
2918
1326
2920
2921
669
2923
2924
2925
2926
2927
2928
2929
2930
2931
2932
2933
2934
2257
2936
2937
2938
2939
2940
2941
667
2943
2171
2945
2946
1190
2948
2949
2950
2951
2952
2953
2954
2955
2956
2957
3200
2959
2963
2961
2962
2960
615
2965
2966
2967
2968
2969
2970
71
2972
2973
2974
2975
2976
2977
2978
2979
2980
2981
254
2983
2984
2985
2986
757
2988
2989
2990
2991
2992
1455
2994
2995
2996
2834
2998
2999
3000
196
3002
3003
3004
3005
3006
3007
3008
3009
3010
3011
3012
3336
3014
3015
3016
3017
3018
3019
3020
3021
3022
3023
3024
2609
3026
3027
3028
3029
3030
3031
3032
3033
3034
3035
3036
3037
3038
3039
3040
466
279
3043
3044
3045
3046
3047
3048
965
3050
3051
3052
1284
3054
3294
3056
3057
554
3059
3060
3061
3062
3063
2910
3065
3066
3067
3068
3069
3070
3071
3072
592
3074
3075
3076
3077
3073
1690
3080
3081
2730
3083
1749
3085
973
3087
3088
3089
3090
3091
3092
3093
2664
141
3096
3097
3098
3099
3100
3101
3102
3103
1068
3105
3106
3337
1816
1918
3110
3111
3112
3113
2722
3115
3116
2118
3118
3119
2175
477
3122
3123
3124
3125
187
3127
3128
3129
3130
3131
3132
3133
3134
3135
3136
3137
492
3139
3140
3141
3142
3275
3144
3145
3146
3147
3148
3149
3150
3151
2860
1733
3154
3155
3156
3157
3158
3159
3160
3161
3162
1699
3164
3165
3166
3167
3108
3480
3170
3171
3172
3173
3266
3175
231
3177
3178
2473
3180
3181
3182
3183
3184
3185
3186
2005
3188
3189
3190
3191
3192
3193
1837
3195
3196
3197
3198
3199
2958
3201
3202
3203
3204
3205
665
3207
1268
1805
3210
3211
3212
3213
3214
3215
3216
3217
3218
3219
3220
3221
3222
3223
3224
3225
3226
3227
3228
1916
3230
3231
3232
3233
3234
3463
2248
3237
3238
3239
3240
3241
3242
3243
3244
1162
3246
3247
3248
3459
3250
3251
3252
3253
3254
3255
3256
3257
3258
2886
3260
909
3262
22
3264
3265
3174
3267
3268
2577
3270
3271
3272
3273
3274
3143
3276
3277
3278
3279
3280
3281
3282
294
3284
3285
3286
3287
3288
3342
3290
3291
3292
3293
3055
3295
3296
3297
3298
3299
1182
3301
3302
3303
3304
3305
3306
3307
1692
3309
3310
3311
3312
3313
3314
3315
3316
3317
3318
3319
3320
3321
3322
3323
3324
431
3326
1624
3328
3329
3330
3331
3332
3333
3334
3335
3013
1998
3338
3339
3340
3341
3289
3343
3344
3345
3346
3347
3348
3349
3350
3351
2158
3353
2778
3355
3356
3357
2399
3359
3360
3361
2169
2844
3364
3365
3366
3367
3368
3369
422
3371
3372
3373
3374
619
3376
3377
3378
3379
2272
3381
3382
3383
3384
926
3386
3387
2595
3389
3390
3391
3392
1785
3394
3395
3396
3397
3398
480
1500
2366
3402
3403
3404
3405
3406
3407
3408
3409
2018
3411
3412
3413
3414
3415
3416
3417
2159
3419
3420
3421
3422
3423
3424
3425
3426
3427
2197
3429
3430
3431
3432
3433
3434
3435
3436
3437
1316
3439
633
3441
3442
3443
3444
3445
3446
3447
3448
3449
3450
696
3452
2763
3454
3455
3456
3457
934
3249
3460
3461
3462
3235
3464
3465
3466
3467
3468
3469
3470
3471
1008
3473
3474
3475
3476
3477
3478
1965
3169
3481
3482
3483
3484
3485
3486
3487
3488
1127
3490
3491
3492
3493
3494
3495
3496
3497
3498
3499
