310
339
316
232
88
113
7
229
164
345
106
398
124
215
147
297
190
269
253
149
308
21
11
186
285
49
248
117
134
381
128
312
230
289
372
163
92
391
123
236
57
384
377
272
243
332
360
334
286
347
13
245
370
235
109
319
193
155
111
324
257
76
53
130
64
373
388
119
107
262
217
213
176
326
174
283
102
31
103
266
197
313
366
255
336
28
36
140
375
86
367
346
5
179
340
260
80
258
338
386
323
17
218
98
97
91
342
99
321
60
136
115
148
30
40
84
392
93
89
200
294
150
225
22
238
282
151
58
281
203
219
359
280
379
165
10
198
167
276
290
209
270
287
105
50
307
206
81
126
66
315
349
95
121
220
256
162
357
146
59
27
169
389
138
395
374
318
114
47
228
26
132
353
344
295
101
173
178
249
201
233
343
239
196
44
335
277
362
112
187
204
125
184
385
2
56
15
16
314
351
259
211
142
24
365
399
75
244
363
291
79
337
25
387
1
51
172
397
311
23
222
71
67
122
254
3
65
73
208
185
214
104
171
74
293
43
32
207
168
240
288
61
137
33
9
52
278
393
100
271
194
348
4
265
180
361
263
247
301
299
330
210
241
19
157
317
8
296
68
396
166
274
181
139
382
234
298
129
284
175
38
85
242
352
41
18
12
127
154
356
160
302
72
195
35
231
300
159
394
118
261
143
161
227
246
110
364
275
96
221
378
156
264
108
46
355
250
224
45
87
14
273
77
303
62
223
237
376
331
305
152
268
226
54
306
63
29
55
350
309
252
90
70
177
78
371
251
267
325
6
191
34
354
131
83
188
153
333
279
341
358
116
141
48
182
20
37
82
304
183
69
328
94
368
205
212
369
292
192
216
0
189
120
383
329
135
202
320
145
380
390
158
133
144
199
39
170
42
327
322
