287352
107
56542
2118
3962995
2934
2962472
632
1188170
1112
596903
551
149576
936
3460795
2998
1921734
1578
421362
1802
87753
3780
2280171
1452
1695665
3563
2643498
3912
2422925
2863
3925881
3631
2488003
1276
513340
826
1723985
2526
1977237
923
2524037
1140
3727311
1737
3779097
654
1940633
3465
158059
2031
3407021
828
3132415
218
2881277
502
336377
1544
1948608
3988
1459681
2079
22598
213
651033
1675
1626617
2223
3119638
3377
1470680
719
1832175
334
2544045
962
2887199
1341
2283913
1484
668979
3325
199589
2174
1095618
431
1848348
1889
3780809
3072
3608674
1731
173591
1591
2440842
3293
917410
2676
540851
2944
1843606
240
2505679
1185
2880266
1554
3856584
3503
529419
1477
711142
1657
2501542
1738
3216060
777
2370483
1160
1329386
37
2895732
2986
3794780
927
3733061
1840
1024874
1719
957322
3904
1380294
835
971780
2815
488330
1820
2628438
3211
2518058
282
1318660
872
806749
70
199003
3872
1634908
333
2583601
2123
227840
987
1557131
3406
1088171
1346
2238700
2961
610013
580
784817
37
1389186
3733
288246
2251
1736409
3543
3935632
3328
49330
2058
3511246
326
1908521
2863
364362
3430
859380
1417
3492647
3940
1328376
1068
3283248
1659
1746459
3144
2135227
2642
1743306
2805
3033178
1962
366828
3406
3371228
380
2065687
169
2411964
2748
1956955
1753
988109
3257
3906564
2501
1357007
1421
1271509
3177
3231100
2668
846424
2418
2423941
2809
2783770
677
2203481
3245
2135440
2888
424592
2052
1874680
370
3046958
3286
3363361
3216
3520054
3973
3826203
601
3595616
945
2768266
50
1860553
2452
3155163
3627
968567
2043
643657
3585
755799
2630
2933604
372
3484317
2495
3209381
1730
2970064
3124
2818534
3774
1751920
1444
547242
510
3183753
3945
2267470
961
2115849
3995
1684272
550
715284
3580
3201162
114
2845125
3486
3822616
1093
3390086
3170
3018956
615
14751
3825
2118992
257
3583479
2729
3809824
989
3797446
3059
89111
2739
2466742
3577
1181452
56
1545103
3093
579858
916
1357356
2390
2514312
1813
2045171
3681
2629651
377
2049426
865
2736982
577
3682475
2050
1979405
2879
967120
249
2621627
3908
1041454
3360
3859971
1796
877757
36
2256625
1323
154456
3971
3238771
1219
3461611
849
3153657
1333
2873880
2518
1675621
700
3778510
1909
484485
2348
1804951
810
1018313
1908
3663250
3799
1728821
1078
421908
957
3653467
3514
3205851
3905
3547925
1176
2763843
1849
3417326
1315
418611
754
3304572
113
1862837
297
3581899
2966
14155
3254
3618006
1917
2481035
2415
3636341
3569
1129009
3303
3886838
631
3154954
2952
927121
1969
961897
3999
3451467
2980
3792812
2115
3684357
3349
