0
1
2
395
4
5
6
210
52
9
10
11
12
13
14
15
87
311
18
19
20
21
22
364
24
25
26
27
28
29
30
31
32
33
316
35
177
37
38
145
40
41
42
43
44
45
46
234
48
49
50
51
47
53
54
55
56
147
263
59
60
61
62
63
239
65
365
67
68
69
118
71
390
73
74
251
76
77
78
79
80
81
82
83
84
85
86
16
88
89
226
91
92
315
94
95
96
97
98
99
100
101
102
103
104
105
106
107
108
109
110
111
112
113
114
115
116
117
70
119
120
121
122
123
124
125
126
157
128
129
130
131
132
133
222
135
136
137
289
139
211
141
142
143
144
304
146
57
148
149
150
151
163
153
154
155
258
127
158
159
160
161
162
152
164
165
166
167
168
169
170
171
172
173
174
175
176
36
178
179
180
181
201
183
184
229
186
187
188
189
190
191
192
325
194
195
196
197
198
199
200
182
202
282
204
205
206
207
208
209
7
140
212
213
214
215
216
217
218
219
220
221
134
223
260
225
90
227
228
185
230
231
232
233
8
235
236
237
238
64
240
241
242
243
244
245
246
247
248
249
250
75
252
253
254
255
256
257
156
259
224
261
262
58
264
265
266
267
268
269
270
271
272
273
274
275
276
72
278
279
356
281
203
283
284
285
286
377
288
138
328
291
292
293
294
295
296
297
298
299
300
301
302
303
39
305
306
307
308
309
310
17
326
313
314
93
34
317
318
319
320
321
322
323
324
193
312
327
290
329
330
331
332
333
334
335
336
337
338
339
340
341
342
343
344
345
346
347
348
349
350
351
352
353
354
355
389
357
358
359
360
361
362
363
23
66
366
367
368
369
370
371
372
373
277
375
376
287
378
379
380
381
382
383
391
385
386
387
388
280
374
384
392
393
394
3
396
397
398
399
