2272
3141
3623
2535
167
3089
1733
378
1649
2621
1759
4271
807
4024
1073
4800
1813
3310
2587
4748
4355
3532
2633
1971
1801
2460
759
4699
1962
3247
4018
1686
1175
707
1689
4938
2255
3429
4565
1843
1611
320
4734
2080
485
1469
2270
1419
232
3737
2747
1009
4247
4026
200
1485
1692
679
950
1443
4550
3436
399
2023
1728
36
2717
2864
3600
4647
2463
4452
134
2333
4173
4287
3584
1340
422
788
1423
389
4904
1887
2295
2608
4886
10
4258
2911
1019
3774
4643
4463
3214
4604
3067
3558
1174
2156
4943
3919
4583
419
4103
1842
2062
4622
1220
2235
3508
162
4954
1865
3869
2409
4453
3794
1669
1153
2458
566
1300
3052
2189
1559
1908
671
3005
1393
1024
225
4948
2024
859
1360
3386
3134
935
3016
800
298
4482
4845
1796
4975
1712
4153
2327
3759
3337
3090
3611
3382
639
3470
2671
4324
3872
532
4799
3865
1637
2839
2151
2809
1486
525
203
38
3873
215
2201
4354
1948
3754
4902
3093
4587
2452
3618
1292
3325
3524
461
588
1850
1022
4913
1208
1465
1681
3907
2709
1187
1355
4869
4771
1950
1240
2208
3825
1898
3522
4050
4286
3979
1569
4369
3104
752
1749
1275
2441
350
1861
3690
1537
1515
1039
1832
1979
1252
4894
367
2399
4120
594
173
4742
4134
4285
434
1840
46
1245
2268
4047
4767
4325
674
3388
620
4891
13
2166
2195
1096
4796
4083
1882
2318
1857
195
4832
1231
4646
1671
25
255
2791
1625
4244
428
658
2993
309
3314
1566
414
3668
691
1740
1688
4010
2214
1310
172
1455
429
42
3346
2407
2072
1956
1942
644
1002
3688
4828
4053
2154
3148
1193
278
4093
3965
3673
3460
1564
3132
3509
2256
877
1217
3408
290
2918
2667
779
2283
4794
592
575
2731
2342
1168
4396
2109
4460
988
845
3991
4555
1895
2917
1138
3398
4670
1215
3192
3694
3559
211
3096
4789
2424
259
2487
706
904
1303
4473
3483
289
3660
1765
2624
2561
2453
1056
1474
2123
4756
2037
3055
194
4289
1555
4311
4865
4695
2044
2009
3547
1550
1921
2155
2391
1594
4399
3438
3283
1238
3291
3527
4347
500
2530
3607
3517
1354
4574
1156
262
2551
1017
1078
947
1283
900
2640
1362
12
1435
2095
1010
715
3649
1620
4094
4556
4689
2191
547
480
3893
1831
3450
1525
4489
3634
4002
2448
376
2889
4885
3087
868
188
3128
457
1048
3568
2558
4641
4278
2771
4802
4578
3735
694
4316
898
943
4618
4684
1344
2276
2798
4346
92
2803
67
4046
107
2213
1888
2372
3109
899
3817
308
4501
930
593
2626
3701
762
858
2863
3476
1382
4777
3072
1387
3859
2862
2670
393
4385
351
2498
1745
4222
35
1787
2970
2895
3445
3788
1768
3199
1810
4353
1965
2004
2616
3947
879
1422
1084
2708
495
2928
3059
3569
1407
3855
2266
2890
951
1029
2529
4038
3387
3253
4653
1878
3374
256
3234
4953
4933
2660
4235
3961
2404
2737
2332
1511
615
4636
4344
349
131
1099
449
159
3863
1885
100
2316
4561
4745
856
2937
923
2566
1236
2228
1788
4128
4558
4797
1775
3553
4717
3056
527
4116
3565
2596
1411
4827
2597
3563
3231
1897
569
3951
383
683
2629
1612
3161
4487
1798
1053
40
3422
4150
2097
3484
4974
1871
2422
2197
2036
4542
47
4939
1290
965
1242
4735
4631
922
4521
220
1744
1177
1237
401
1403
564
1021
3905
2427
1489
1087
4148
1338
712
2721
2364
3296
2899
3127
629
1995
4348
884
1074
2479
1007
4785
3514
3520
2659
1862
3403
3495
4741
2666
2562
1682
64
815
2039
3521
1188
1933
589
4182
4775
4277
1014
1786
860
37
3107
1990
3887
3320
2336
2637
545
3717
692
88
2365
2967
2234
2857
2206
4015
2034
3336
2358
2836
4652
1846
1067
6
4293
2304
307
4524
4443
163
364
3463
2847
1574
1904
3736
562
1713
2623
2374
4567
4984
2261
4367
4965
3415
2031
587
3173
999
2577
3886
4045
1496
3305
3244
4486
1876
3847
2412
4032
2285
1394
4966
576
3210
4023
4515
3131
1284
3334
363
2861
4956
4205
1731
3315
1388
3191
3080
3738
2144
176
3342
3095
2812
590
4441
655
1133
4407
2729
4759
1588
4374
2042
4264
3646
1386
1836
931
4612
2025
3084
1288
3366
3176
3661
1834
2930
103
869
3862
1891
3836
0
3411
4594
4626
892
2868
1724
661
1974
2292
75
733
4497
1774
249
4034
1613
1498
3402
3364
4142
1370
805
3853
2290
3441
1764
954
471
1541
1492
1593
2003
3250
4251
3860
2866
3746
3367
4283
2445
1715
1520
4363
3937
2620
2800
2271
3357
1661
4156
381
3448
2048
1329
3526
3278
4687
3878
2435
4478
2815
4968
1229
804
3610
3915
4415
3159
1822
467
4705
4282
4178
503
3088
318
2038
1298
3393
3389
197
2371
530
3439
3530
3857
4464
3870
4546
269
4201
1000
86
725
4573
2759
1704
974
3980
3114
1389
1409
4841
2188
4113
3628
993
1659
3238
1912
642
4559
649
3684
1440
375
4253
2525
1532
4370
4680
4062
1676
3465
742
1451
2229
3392
1071
1628
1946
2994
3187
2716
3461
2572
2436
4115
1398
2540
1063
3365
4897
3073
3428
3242
2854
927
1272
3664
2776
406
2392
1698
2321
1597
3316
1870
2212
2018
4229
3079
2755
631
3304
2064
4001
4092
585
1025
4432
4888
3251
2497
4923
548
3000
634
806
659
3925
667
4611
621
4826
2727
1363
4171
654
3126
2055
2760
282
957
3843
4866
3082
2079
2808
2016
3719
4597
2757
3039
258
3427
767
4819
2124
3986
619
4159
4411
3704
2158
4803
550
4125
4462
4900
362
1727
1959
4983
2059
855
4337
1709
79
4997
537
4921
357
770
1655
2021
239
4025
2398
1104
534
333
990
2720
2749
4480
1253
610
2113
1350
1101
4334
1244
3875
1608
4972
4472
1900
4793
295
979
1065
3595
3269
3383
321
4961
4812
4004
1378
1586
27
3644
1070
4378
1257
2215
729
448
3286
1718
3317
833
918
4203
207
2611
58
751
3723
3533
154
4174
2322
1603
4488
603
4310
4091
2840
2882
1837
174
69
72
3281
4863
65
3752
2012
1324
4867
2360
2373
1202
4312
3473
2068
754
336
4371
1615
3910
145
182
2101
55
1884
213
3890
3347
2264
2607
3287
2033
3963
3809
4392
690
3259
3874
398
2051
4804
441
1457
1395
2345
1890
3552
3433
3331
4256
551
2440
1579
3613
2870
2493
2745
1894
2527
4963
3570
1973
4245
3149
919
4681
1981
1352
3741
3767
2710
1214
3384
509
1332
1058
3368
4710
1383
3770
133
853
3449
365
2820
2341
1061
3676
2628
3670
2061
3994
3373
529
4076
4674
2119
3300
3658
2357
1825
2147
2879
4688
1778
1805
665
209
2593
109
3551
9
2087
454
2128
3434
3455
4973
2945
3813
2563
4540
2876
3841
1514
2133
1278
2289
3596
2537
3421
1178
4457
1036
3420
4257
3221
1623
2785
2750
4864
2988
685
60
3359
1119
906
905
1151
3518
936
1006
3308
2669
1506
1123
3360
1080
1054
857
231
4027
3249
1097
2842
1148
700
382
789
1858
3335
3639
2856
473
4576
4135
2420
1256
4131
1590
1792
4087
3849
1963
33
1589
3363
2764
3011
3137
1794
3220
3536
1585
4623
178
3844
2943
1364
1868
138
1923
1434
355
2203
4731
81
1750
56
222
1445
542
1271
2986
1291
657
602
4901
2966
4425
2090
760
281
722
312
1365
1917
3548
4372
2916
4314
1881
1790
3751
2542
4806
1505
3494
4439
2909
1924
4260
4873
74
2523
3764
4409
3211
2583
3007
581
2735
28
1516
2494
3419
4454
2050
2314
3711
617
3897
1619
1852
2686
3085
876
4586
2534
3035
437
2807
4857
4449
161
3432
2723
3698
4345
184
1944
3474
4589
3921
493
4872
2328
2762
787
181
1848
1651
4839
3012
339
3409
2777
4366
557
3998
1478
2259
2433
2473
2689
2294
677
2794
1285
1349
2413
2310
143
2813
2400
1180
2524
4405
1299
4364
4158
4052
2778
2185
300
4838
1748
4989
2549
1179
2811
3571
1650
3575
4528
4059
2644
4676
2129
486
3453
2872
2258
3147
1137
1481
640
4164
436
2843
2677
4850
2996
1088
1384
3172
2645
104
3988
2468
4598
1957
1114
741
4162
1052
3891
4422
4130
584
3538
130
1968
2138
3882
2279
4362
1361
573
3706
1502
4192
3714
2770
2814
4544
234
3354
526
1635
4268
1721
987
150
3396
3118
2099
2657
4985
4231
673
1961
3182
2947
16
3060
4202
3424
2692
2254
4450
3645
201
216
4212
2952
4291
1034
1316
1674
4690
2467
2544
1785
1427
1147
940
456
2738
219
4417
361
756
625
2512
2940
3845
217
4732
2241
323
1297
4715
3608
3796
2482
3158
1475
2578
2319
4451
3635
1675
4829
2683
574
4252
1873
2649
380
2982
4037
76
2989
3942
841
2388
773
2822
3351
4527
2746
1967
1739
835
490
106
708
1929
4060
465
4703
4217
3821
3663
4616
3680
605
3164
4922
765
3236
3306
4877
205
1122
4274
4239
2011
604
2638
3612
2395
3010
1630
1737
4666
3003
2002
3086
1943
4074
3936
4536
2244
1375
1833
2718
2275
366
1930
2415
4112
2045
1776
4736
1134
52
847
193
45
4421
3820
3967
95
1092
924
452
4349
1763
4502
586
2891
4204
511
1905
303
2618
1926
2167
1734
1334
2041
975
4795
2865
1057
2933
1539
4760
2076
115
4338
3868
582
3467
1730
2714
1171
426
1038
2171
4696
2107
2781
3185
1972
2157
4304
1633
4079
580
1928
4625
2560
3896
388
3195
3143
1795
2299
4766
3638
3987
1367
1116
4996
4491
394
2066
1815
4911
4790
3217
4553
105
83
2741
3966
4940
1580
3273
2227
3981
3400
1864
499
3900
2528
2830
2955
2282
896
4881
2425
3932
3580
2387
1766
4811
4655
237
470
347
1062
191
354
3309
1521
1989
4746
4126
1526
2867
2026
2249
2145
2329
1124
297
4783
3928
4020
830
3416
2200
385
2484
2719
3724
2344
2696
888
2991
819
1598
1234
4408
4435
2093
2305
4242
4294
3219
4376
3312
1195
2375
744
1781
2414
1582
2765
890
1328
3750
1696
424
4139
3485
4887
3303
4429
4534
253
1183
1544
3956
2924
4764
110
614
97
2881
4669
267
3627
3228
1182
2973
938
1155
2612
2380
3206
2954
1161
3265
2140
3229
3621
4512
801
2871
245
963
1060
3955
2752
2742
1529
1264
813
3554
3370
4051
3708
1212
2405
3162
4302
4656
2960
2995
897
4216
568
2883
814
1093
254
3288
183
2965
3727
3431
4065
2478
4215
3009
4572
3435
2356
4909
4187
721
2654
315
3456
1824
3797
1406
2622
3543
3789
1004
477
1919
4063
2035
3592
2634
1687
1450
54
4413
2461
4697
1853
933
682
3001
2648
3713
2568
1463
108
4683
17
1412
1823
155
2743
1513
4428
250
4726
2845
1530
3815
1282
299
1551
810
1507
4591
3324
3139
1157
2438
850
4978
1301
1026
1076
4532
264
3856
19
772
3681
3699
1055
4784
1665
439
2958
2885
4218
2979
2615
1169
338
740
2555
1991
2359
3913
4308
423
2907
3839
2178
4395
1011
1510
3793
3033
4607
1743
4719
4416
1211
1224
2824
4095
3888
334
1573
1695
374
4154
3490
286
4167
4070
3092
862
4530
2
743
3858
4707
3617
1219
4837
3909
4809
3999
1466
1755
3183
3223
3557
3671
4381
1429
2150
1376
2751
2505
1531
4585
4455
636
1571
1294
3898
5
4144
1654
403
1293
4601
4582
2381
864
368
2758
1012
2363
1254
227
2992
2774
3292
2221
3440
2346
4306
4301
1436
2769
4179
1186
2582
2094
1184
4061
2196
4737
3653
2851
1705
937
4210
2238
4262
247
1839
4066
1512
2477
2251
1931
1082
638
280
2471
4763
643
2953
4499
2075
270
3534
3672
934
3798
3830
3537
616
4485
1273
1400
1424
4193
3883
3226
2349
1983
560
3458
2799
1735
4770
1605
2434
3850
3285
797
4267
983
2553
3184
4640
2104
1228
1207
2931
1914
4807
407
2550
1747
3669
2170
2589
4077
4086
1826
2246
1320
4822
4634
4661
2903
3414
3120
317
2175
2190
4814
863
1769
626
2990
306
506
3497
755
2386
3587
508
2459
3113
2805
4183
1304
3923
4169
1951
2728
3922
2367
3792
4021
1527
3904
3327
3808
3028
2114
2164
1699
387
4223
1456
3282
3812
515
2146
670
1390
3270
4132
2056
4538
2604
3918
2665
3122
4137
147
3805
1746
3487
405
2047
4141
2376
3276
2152
2939
346
1431
2650
3564
3757
2029
914
913
3831
158
3102
1313
1487
468
2366
2543
1982
1190
2685
2001
4992
390
4007
1470
4964
3311
1016
2252
3763
1902
3025
1152
2892
1935
3588
1964
2921
3464
474
4351
455
966
1490
198
2323
3051
648
3654
4471
4075
2253
664
1495
3594
2552
738
2804
192
4928
791
3225
1165
4935
3170
3155
1955
277
3295
2184
3700
2311
3914
2873
4871
3376
3525
4265
266
3152
492
2027
1714
1343
4762
3426
1757
2614
2518
2691
3457
822
3254
241
2914
848
2397
555
3015
3689
4299
4673
776
3550
4342
2526
3323
497
4581
512
1561
3390
21
2585
747
1368
3391
3111
3501
4698
353
1604
1910
3740
1945
3057
483
4914
2508
1937
151
1808
1359
4327
3983
883
2192
2546
1221
1863
2962
359
910
768
1596
3471
1160
3655
1235
1725
2592
4475
4386
30
87
2303
1906
2403
22
1250
4504
4624
543
1896
4290
826
1518
2859
3078
4233
1391
2369
3302
4970
1770
2462
2105
3579
4878
3833
1392
3047
1741
3379
565
3498
1847
1546
4749
1602
2574
1812
199
945
11
335
1784
2536
1760
838
2893
1634
1576
3803
2377
1269
3778
2823
1173
952
3446
3196
699
1818
3338
939
2627
3130
3186
3166
2802
4296
688
2054
229
510
472
1880
2510
462
1428
2058
3233
2981
1600
421
2950
3556
3934
1700
4517
3901
240
412
3631
893
2573
1408
3938
1421
3973
4659
4064
149
3802
1112
3341
148
3110
2423
735
3978
885
1480
3894
2106
275
817
2472
291
1477
3515
4111
2226
734
166
1167
981
196
3500
3787
2122
3945
1008
4155
3696
2502
2695
2884
1543
2194
783
377
1121
4266
4810
4977
3030
15
4692
4319
3861
521
836
420
4295
2269
1556
440
887
1925
2187
2504
4467
1066
4339
1430
3791
646
4281
2354
2588
1845
2511
3232
4638
1452
2642
3739
3013
2651
53
397
579
4000
3948
1501
4388
1305
3972
3772
3605
1702
1690
2168
915
713
1860
1399
135
2309
4259
2897
3814
1458
185
1415
2006
1113
3344
4755
160
697
3451
3353
2570
4663
3279
263
4525
1694
1277
4234
1146
4412
2182
153
4704
3171
2111
3049
3734
2906
4896
1326
1223
3969
1761
2732
3566
488
4003
3959
2406
774
3076
2495
4459
2320
3106
2816
2120
2705
1129
214
4979
567
563
4957
3982
2430
687
4599
2186
4102
2920
1233
4343
2470
140
4379
447
849
3377
953
1373
3257
116
238
1684
2083
1947
402
578
1952
3572
3207
1984
117
3208
2500
2410
1141
3512
1662
4627
1535
693
2849
737
3174
4903
2610
4813
4484
3960
2132
3349
3333
4220
2699
4176
4860
68
653
1059
4088
672
792
2019
1622
4967
2408
3785
3469
991
2590
4049
2506
2121
4056
2296
2313
1125
546
1033
3140
4596
3619
2997
609
728
3202
782
204
3222
3908
1732
3625
3272
186
1045
2451
1636
718
553
284
2647
1886
4410
2262
1497
4906
3023
2539
1809
1500
1572
4133
4360
3562
4213
4509
839
598
705
2335
1563
288
4214
3133
3585
3744
4330
4815
292
3094
4747
1417
917
998
1047
4184
4030
3924
2117
2643
3777
4273
3395
1855
2291
4910
4401
1079
226
4876
823
3256
2531
137
1420
4071
842
4649
2600
1105
1519
2503
1315
1248
1915
66
1767
4341
1777
1166
4722
1673
3728
2662
1851
2230
4562
4191
4382
2085
450
4740
2929
1932
2693
4701
1793
3275
4333
4958
4849
4875
3576
4862
4843
1472
4944
4380
1707
3298
3721
1296
1438
1210
2687
1606
4724
3103
3014
3480
4224
3050
2664
3781
596
1046
2496
4404
2020
4122
3026
1752
4835
3227
2694
1260
4505
4068
396
536
3985
1049
4195
319
3045
4140
2538
3477
4547
4510
4078
4541
3656
2646
4322
3246
132
2450
4230
460
4476
1644
1548
3098
3142
322
1091
4564
2273
866
3629
645
2754
4157
386
1756
2432
3068
3730
4118
3289
4895
3929
4456
678
3974
4999
352
861
2908
4720
4729
736
2910
3412
1330
873
1719
4805
1953
3406
2961
1181
3801
1336
3121
607
2901
3657
2257
4470
3074
2416
4238
4629
4309
2675
1319
903
4668
3662
1001
1975
4270
3397
2787
3851
1050
3493
4678
2211
3423
3381
1035
2089
4279
61
57
3911
4685
3691
528
3665
867
1287
4298
4907
3582
2169
3235
1954
3892
1170
3499
2932
4357
2603
3958
3054
1371
793
2419
1051
4458
2515
4658
2242
2005
2108
1372
2231
1255
1578
1581
1779
4700
3686
2874
3037
4391
4147
2338
1342
3535
3326
2676
4101
3705
1708
2975
2636
790
4209
2368
519
4151
3854
2569
2564
165
458
418
4365
392
2293
972
1524
4733
3573
1872
2780
316
2007
2972
2923
3417
520
4469
3877
941
2326
1614
1218
326
2507
676
601
3659
1609
942
1094
122
2355
985
3452
341
242
3742
1816
3189
2517
342
32
1484
313
1136
2810
4725
340
1819
2250
4226
4969
3926
3993
3807
314
4861
142
570
2446
874
2131
3151
1381
524
3404
1085
2474
1523
1607
3506
4757
719
4105
929
4637
2456
4840
3321
956
3177
311
1802
1726
3864
2394
2490
2183
1339
2796
459
3906
1958
3301
821
287
252
3725
446
3902
831
766
552
4011
1110
170
3943
4318
4340
3615
932
2706
2324
1827
3136
3017
2514
1660
4854
4228
2586
152
4042
4523
4644
305
2081
3117
1533
2488
7
1027
1447
2084
1185
3444
4780
2985
1640
1441
2222
4236
373
4654
2330
123
1314
3018
1977
4058
1473
1907
2712
4987
4240
4498
4433
2779
1493
2707
4194
4145
2053
967
3992
3800
3775
1209
2999
98
3950
2748
3486
4180
494
3340
4424
1856
795
3031
1348
3835
4951
246
2353
1468
2829
2679
4880
23
3
1830
4029
2968
3165
1346
798
825
2223
3179
3021
2267
2181
3832
3683
3822
3779
2925
4067
1126
2631
4383
3053
2232
3083
1621
3731
727
1680
59
1966
2821
1568
2767
2277
4645
4915
3876
4920
1595
3709
4225
1081
1279
1720
2067
1631
517
703
880
4778
2265
4677
251
507
4744
4375
577
2142
4090
2218
2880
3348
3264
1536
4109
3042
2898
816
4241
549
4942
1109
2697
4691
4494
1738
3260
1131
1295
4905
4721
1335
1013
4899
3799
157
94
902
4033
3756
2280
1664
746
3702
4189
328
2384
283
4206
1
3213
2942
356
1322
156
4152
1866
1553
261
1311
1075
4373
330
2306
3964
4522
2028
3816
276
1503
2681
1642
2010
538
404
2900
1274
1150
778
4758
1333
4177
4442
1232
4932
2141
3168
2418
4682
558
2736
3355
984
3780
4753
4143
265
1312
324
233
3135
4842
4980
2963
599
2722
3356
3682
3624
3029
4493
516
1216
236
968
4853
4436
4609
2437
179
1499
1993
433
1142
2704
796
3614
4667
3675
2595
337
4031
4170
3218
846
3372
1270
624
4602
2894
3063
2724
4776
4858
3695
1575
2286
980
4630
3119
4892
223
3879
379
3771
3442
4124
71
4136
3940
451
1565
444
4320
1031
4605
475
2733
1356
3679
3077
597
2233
539
3609
358
1460
4883
675
3598
3154
4779
3927
3946
2443
1246
1111
633
1353
4621
2827
2205
3167
704
2339
43
1135
4166
3718
749
618
3838
775
2284
1736
2753
2617
3248
3889
1618
212
2565
4317
208
3488
3038
2475
3459
4642
228
4952
3586
348
4483
1410
695
3692
809
3707
1683
2766
2022
2210
4834
4833
986
647
4603
1916
1992
2431
3650
417
1095
4519
435
2110
2236
2819
430
3116
2069
1567
2927
1841
1471
1037
3209
2831
2838
235
1869
3842
4632
1090
482
1032
2126
628
824
4414
808
2599
982
2455
2579
3032
3528
2984
4619
3745
1547
2788
1439
871
2060
3602
3941
1459
3944
4750
3394
1646
3297
4431
2575
1783
1102
1345
3198
3829
2209
3274
1913
3871
3970
1936
3848
3545
4014
1601
4679
2673
4889
243
3064
554
2938
4444
2417
4326
2180
3280
1106
3823
2046
1693
3178
1251
4844
964
977
3245
1960
4657
4129
3503
1464
989
325
4104
1996
1103
3350
4398
4614
1483
4250
3885
3124
4356
1538
4723
1652
3418
1711
4012
1325
3299
4533
1230
875
4945
4336
4971
723
1920
126
702
4929
3443
1149
1108
4073
870
4927
1130
3666
1909
3620
3539
411
4551
4479
443
49
2466
1446
4263
3995
2936
4606
4390
332
1196
1814
344
409
895
1624
3369
2347
2014
1385
1467
3577
4085
1276
1703
3703
2337
1189
2350
3330
4955
4662
1780
4400
1462
959
3241
464
3475
119
4830
2030
2501
4539
3519
369
4608
1379
93
3318
3516
20
1616
3957
1003
1742
4275
1899
102
4672
2904
345
3482
3768
427
3100
710
4824
4543
4918
1163
3712
4466
3597
4084
2444
4998
3622
3091
175
4361
4446
3504
2609
4781
3795
2219
2858
2348
4727
4893
1994
997
958
2017
4368
2655
1488
4127
2301
3884
487
4138
3261
2554
4768
4686
1949
3846
2298
3984
3468
1042
384
2956
139
4823
1782
4882
3507
4712
995
2630
3996
2715
881
2786
1645
2148
3769
2773
3022
4387
1222
1970
3203
1426
3880
4549
413
2071
916
4718
1591
3529
4919
2281
273
3065
2959
4149
2224
2362
3258
4082
3640
3472
2701
2063
901
3782
3380
3361
3046
4335
190
4941
125
1685
3546
2096
206
3277
1128
1627
4730
4981
4358
960
4100
3180
3953
4931
4708
2325
2571
2841
2545
1482
921
3523
832
2308
3954
4297
1072
865
3153
3930
3328
1414
1893
3732
4773
3603
2850
2915
4119
731
2674
4579
285
4925
1405
4575
1448
4711
3648
2361
3776
2015
4315
2772
3804
1249
882
2073
1677
3583
4107
90
113
4055
4044
571
4520
2896
301
4009
112
1807
3339
1158
4577
2825
4393
541
2465
758
852
4995
2946
4006
944
1331
2161
3239
4651
1200
3004
3138
1797
3647
4529
1243
415
2307
1127
660
4490
2000
3783
3840
763
4005
1988
2680
4448
2983
3097
2948
3343
572
3071
2964
1018
3447
3193
3697
2852
3766
4671
1517
1638
2288
3784
2393
4535
3531
3555
4754
1648
2065
4709
3773
2661
1213
1205
3502
1879
2761
4518
3329
920
1286
2730
701
4531
1041
1145
4017
4181
3070
2439
1432
2245
3496
3716
4106
39
2153
3834
523
3510
4879
3041
400
1449
121
709
1030
2449
513
4976
3181
2139
244
2740
1934
1262
1583
432
1397
3144
3205
2149
1307
2136
1227
668
948
2429
189
1206
1592
2886
4936
2160
1939
3806
1610
3108
120
3593
48
89
3601
4359
4947
2491
2516
612
1828
4610
1302
2070
3828
3479
210
1323
4495
3230
3630
2143
1317
3371
4801
24
1658
2317
4108
3413
1647
2818
3881
1980
2088
1401
62
3125
3407
4329
4808
1753
2202
3237
1043
4321
4846
1901
1729
1666
4946
4427
3971
1657
360
844
2077
2698
2312
4039
4982
3626
1402
3313
1086
2601
4912
716
1143
1679
4188
3201
2352
1672
1453
3040
4254
1144
2343
4054
4430
912
641
1903
2833
2912
4831
3761
3685
1883
141
2402
2092
1667
559
4208
1201
2980
533
666
4593
1927
1829
4313
2125
1626
4847
1444
1015
799
2828
4890
2532
4986
4323
29
1225
1844
3574
2116
843
2605
1562
4420
2509
2198
4791
2100
2625
4016
1005
4821
3243
3917
2240
3931
4513
2193
1656
3511
3352
2547
453
4394
4186
4434
4048
1922
410
1172
4377
1867
1369
2744
4397
2855
1522
535
2619
1758
2949
218
3824
124
837
3081
4492
4716
80
2274
144
583
4185
1380
4588
1653
1258
1577
1259
1754
2951
4739
909
4276
2711
3826
2248
3268
1289
1194
600
164
827
971
4243
886
3540
1494
3263
1366
994
3895
2383
4595
2115
2486
2976
3489
4096
1203
1107
3462
2591
2869
3786
478
1552
2919
2078
811
2118
1132
1197
3720
274
4665
4110
3677
4019
4114
3024
3819
4175
4331
2421
1632
4990
2216
750
785
2922
2533
4332
2797
4280
2795
2926
2082
829
784
3758
911
2331
4237
4089
635
3061
4560
1308
2513
2172
1140
514
2978
4600
2934
680
4022
1154
2905
3319
2297
2052
4836
1100
2678
1540
1357
4570
1437
4635
3578
501
1374
3743
1998
2173
2613
4418
4013
2278
4702
720
3748
769
689
4199
3591
2725
4584
872
4694
1854
4991
91
391
26
1377
3867
2832
1716
3933
1773
3997
1069
531
4765
260
2260
518
4993
3252
894
632
3581
651
395
2135
279
698
2567
4121
4675
1570
1433
714
2584
3284
1534
2159
1999
2756
118
1969
4438
630
2481
1191
2396
4507
623
4097
818
1306
4437
889
4350
3262
272
2520
2032
491
4474
177
4934
2340
2040
2860
329
3589
2653
3749
1668
3105
1838
1337
3048
2763
2127
4172
3224
73
4081
4043
4160
4769
1064
4255
4870
2853
753
4249
561
878
3912
3599
1347
2556
327
2641
4772
2844
2199
3405
4307
1821
4197
4426
1281
4461
4040
1799
724
764
248
4246
973
2875
101
2263
4514
2177
1199
1663
4008
4190
2971
489
3968
2428
2977
1691
4693
4200
4930
4628
1997
1557
611
1811
2682
1985
970
3430
540
4506
3293
4072
1706
656
371
4706
1697
2389
4041
3216
3667
4503
2817
2557
111
1892
3437
2998
2351
3755
4868
2049
834
70
3425
50
4664
4098
1941
3962
3215
4552
230
4738
3378
1560
2632
1800
4569
3542
3362
777
4856
2134
1083
1859
3810
820
2837
4403
1940
2913
1159
2846
4402
925
294
1938
2074
2775
1020
2668
257
3267
1442
3492
1321
684
4069
44
1261
3006
128
4248
3204
4855
544
2684
4305
3466
3266
1040
2163
84
63
4949
4496
1504
962
3160
1789
3069
730
2944
1751
908
4786
4219
2315
4477
4571
4352
96
2739
1722
2378
3762
1587
1978
3399
2887
442
4563
3307
4269
4648
662
2302
2576
2237
4261
1491
4752
2652
1641
4898
4788
2784
2225
2207
4511
8
3722
608
99
996
745
3156
2130
4660
2447
504
2485
4820
2594
3866
4099
1476
3385
652
2801
2713
606
3212
4440
1461
202
2878
4960
2091
2162
498
3952
786
2848
1558
650
3729
2499
2411
2935
4384
2483
3747
1068
4713
928
4751
2782
3561
2379
3790
3920
812
4303
1263
2656
3642
1762
1117
304
3733
3567
4500
1701
2243
2217
2688
4852
4798
14
2401
2179
780
1717
1266
2521
3726
4117
2548
1643
3899
4036
1629
4592
78
1804
445
3062
3290
2247
663
3544
3636
2480
2969
3019
3375
4639
1791
2690
2300
3837
961
840
3169
1176
1877
4445
431
2888
851
3633
476
3066
3002
224
481
3099
3401
136
2334
187
1723
4994
3145
1817
891
732
3478
1670
2658
2826
2174
1416
622
2792
1874
711
2390
1139
1835
4874
1425
1479
1118
1318
2598
794
505
2102
2382
114
1247
3935
1528
3903
3641
4580
3043
3322
681
2602
3811
51
293
221
3036
4028
3976
2442
4221
3975
3491
2635
463
4196
4988
416
1309
637
2098
717
4924
669
4545
180
2469
2700
2454
1771
1678
2663
1849
4516
1239
77
2385
331
1820
3027
4423
1396
4557
955
2476
3674
3101
1120
3753
3255
370
3358
2902
4232
976
1454
2137
4406
4035
1162
3197
3020
2768
926
949
1023
310
4743
1164
4617
992
2835
2522
296
3606
18
1098
3541
4950
408
3008
3989
3200
591
3765
4288
3678
3194
761
2806
3637
1509
522
2287
2013
4816
613
4207
4615
1077
4328
85
1911
1404
302
2457
2726
1418
31
2492
4650
2086
4962
3410
2974
4057
1710
4508
3175
2606
1599
4908
4959
271
4537
466
3123
1198
2043
969
3115
2957
1413
3146
34
1028
2165
4792
425
3240
3949
3604
4389
1268
3818
4917
127
4161
1089
4165
4526
1204
438
2103
169
2581
4825
2672
802
146
343
2703
4728
4163
496
4633
1918
1265
781
2790
2239
1327
4817
757
3481
627
4884
4916
2426
1976
978
3034
2057
2580
2489
1986
556
1806
3513
4782
4227
1639
4272
1987
3294
4292
3190
3454
4851
1508
1545
595
129
726
3990
4818
803
4300
4447
771
4613
4554
2008
171
3505
686
1889
3760
4419
2464
1549
4761
1584
2941
1554
2783
4211
2541
3058
2793
4566
4080
41
3852
1280
3827
2734
3549
3710
3616
2702
2370
268
1341
372
2834
3632
3332
3560
1875
3651
82
854
3652
2877
1241
3163
3590
1358
3939
739
4926
4937
1803
479
4590
3693
2176
3643
2519
168
4168
1226
946
2220
3345
1617
4848
3977
3150
748
4198
4
3715
484
4620
4774
907
2789
1772
4548
696
1351
4123
3044
4481
4146
4468
3916
3271
3075
2987
4284
4714
3157
4465
4859
3112
1267
1115
2639
1044
2204
3687
3188
469
4787
1542
3129
2559
502
1192
4568
2112
828
