24657205
37241
18350817
49332
27900271
49133
142698
22672
9232379
9779
46390282
28823
15371168
41499
15346862
26373
42886127
10921
3174985
41327
24927486
32816
13392693
10002
20758916
17192
47024680
16285
5529105
36692
23674258
27685
44949452
18752
35915243
40026
33197720
29193
6910028
39494
2866398
49054
23846900
25276
31547954
13460
26252726
29120
48221358
26336
18764402
13199
32326611
6042
1700068
26029
23036038
2121
10097667
9883
8064341
34774
43292716
9428
17625151
46509
42505171
21511
22746386
42015
42323866
13202
44766058
16726
32566346
44380
18796293
46410
26295159
45976
42172622
32429
43842057
48294
17786115
30632
165583
12041
30139515
24149
49541440
24062
28075155
32001
40175765
30995
19642100
1035
19882412
33809
40320895
18367
41974893
575
28755382
22330
6466697
5931
3237407
34309
43662781
10103
45290279
43182
9422940
36509
39340209
15601
282694
18495
26777237
48922
33204152
39532
40971135
12222
28378525
17269
16895017
4109
24292047
17507
32809891
2507
47080001
49044
38778879
30090
14786695
47451
24435692
48788
43126712
21735
11340770
17785
26476742
33808
48049579
8391
19686401
11416
16052880
28648
15065540
41008
14780173
40530
13788217
40278
27059616
44413
40760431
13827
34720176
38927
41479122
28597
32092263
37995
25197648
38316
10094476
21561
22879278
12707
46989131
47401
44157682
31552
37194719
40788
6404657
6883
36639700
30111
18649996
31856
27973726
28099
2570419
41029
45148207
4188
22437424
14684
20155924
7818
604069
26702
30586299
19036
19647835
48700
41235012
40923
25721208
29428
22674214
11214
25317917
31251
26297092
32300
7808974
14436
48947147
33678
23112364
21809
17377682
19593
41399107
15171
26026487
33743
6718526
25723
47741372
36270
46440672
21512
4630690
31865
970896
11861
13909094
12024
39641259
32280
43123665
42364
32026405
13847
45587037
18331
21389713
29487
28452997
10304
11136676
13236
10095917
41101
22102637
22137
29277823
29598
4708877
24061
11684408
38519
9080274
49984
19592179
22857
39386346
4840
49144883
15023
35874623
17011
48540769
14526
35104712
5985
4174682
39723
32496550
3230
45044067
49000
45546117
9511
20533663
38769
27749555
7118
4321722
12612
42529258
34407
32454490
47691
17837523
21611
16938552
14813
35042512
35945
33037138
34651
4229338
23038
22061504
34532
41254091
11816
30133288
20923
7582902
18447
11933537
8517
39206512
34890
2241905
35131
36215779
35117
36216093
42766
26995586
24420
9517818
13639
47543934
15845
42729903
12883
22544561
17334
46312243
31927
44994388
46377
38792620
1027
36529683
21778
11418684
34054
48606241
16111
29748608
10683
18867246
27658
7371672
28547
36928701
27209
21536958
44891
28975905
22996
46224494
32528
24860793
17077
31795204
38541
31144289
2893
23374215
33675
35192027
28676
19394963
31419
3336087
30982
1321616
46546
8175412
17125
2874322
39510
3739115
49279
2490988
44023
26491747
45748
40966050
22042
44037820
25192
41661244
48594
47484101
29275
49682431
10760
44137101
29157
18921390
39293
45951399
19040
17271621
11855
5790949
43986
5824208
30316
36429608
41176
23531540
24138
45836047
2551
28631342
34835
25127934
12401
29932611
6402
45241224
44156
20717579
38914
33707657
38332
24738333
26513
36702836
26189
27727286
41982
8913865
2563
29610256
14424
43762883
38719
48363129
33877
38108684
42689
23710886
34107
3797540
10532
37599915
49830
16924133
42203
21204783
45868
14795962
5912
45124817
45092
33318442
27111
14209876
15044
39327241
42724
35879003
44725
20513013
167
23585172
46925
3073776
19266
40069389
18044
26728980
30071
33654431
2119
24839344
17654
23728712
2391
1443475
42680
38980987
18723
28194212
45078
1534547
29461
46301092
44067
22098221
41201
8024150
37830
18303653
36982
48438064
12942
1938772
6560
7441076
28699
37882745
1491
6901520
2699
13867352
13976
49378580
8912
21972608
43707
46301770
26072
32718893
19456
26506484
35565
42156910
21860
22253720
9011
21670631
30617
6859763
8343
23389599
4129
5605264
3677
20556073
12051
1103182
38815
18425650
20911
14238793
16630
21915014
17935
1041458
14863
31219208
44802
37748000
33565
20225177
31790
8644082
46558
12376899
27857
35274632
16590
15905378
35276
28002640
5388
24423636
13899
22414067
40162
7424899
9036
48340902
22186
20394582
16411
10773241
27655
5696249
32771
39771698
2591
14193291
27012
9614098
14024
15504539
9681
10202200
11949
31284310
45941
8868678
566
1254506
42006
15732728
24583
23738282
5803
42999215
34187
19697192
26781
4335410
17012
35742322
38131
23527761
22506
25351172
6993
31547317
5054
18896457
10941
23401684
20928
4341471
26908
35073060
44863
41335149
36486
4464428
25668
37180069
21783
22840097
23414
17869780
46133
22667049
23684
43955270
111
357450
23824
28151068
21395
14897344
10281
19152896
8359
29323250
11914
48455806
21668
37639114
35363
42551489
4637
24236658
33217
8819745
5841
40381450
6977
12058720
42021
1583775
9824
25106025
49477
17355223
49492
7359278
17834
23812324
2022
40878951
25983
7397963
3399
1549887
39932
38350614
46156
19926678
25460
445590
43180
4509640
37348
4969037
5279
27587219
46642
25229946
45866
31827141
48469
24296355
48198
46525399
3538
15535436
29523
21505275
48049
34662854
14039
36291499
13647
9666269
21807
25768765
22606
40355083
1619
16681860
8041
3462933
42549
37195845
33595
36443705
34565
43083770
39347
26654256
36937
2840537
11160
11350945
4369
46948448
47769
3376456
964
19714617
32762
37466560
3678
1834663
41355
12810397
44723
16709721
29167
21244900
22592
28163199
14592
37273492
43395
30903650
36958
39382278
26073
42631148
12627
3624828
41546
27167692
29730
48586424
15918
14148783
49430
44064140
44549
41824246
25902
45695953
20701
7298052
36321
38252098
8832
29943136
28312
9354707
31521
16439458
31864
31704889
11303
10319577
1897
45027696
14146
23548221
31705
14417804
5746
15237215
49792
19376241
29380
33047154
19411
32916591
11514
23771056
9424
37962940
49540
31897335
40020
41315626
22798
26140548
5688
3787779
4306
19647967
17303
43990579
38846
19503016
5879
16605542
1817
13033605
20896
5464348
35653
3970889
30339
18049878
26887
358588
5615
36791627
17315
12535846
44320
10364154
35185
18921433
12488
42369947
26354
20412873
17957
26058043
53
45097402
21717
41036360
6010
8588402
7248
49001482
38073
22051890
4760
17082634
33023
30100832
8942
31987263
32112
23437055
49628
21438593
42435
26575534
42044
9503125
47312
5261831
14922
37664255
12499
25790242
26086
11905579
1817
30994106
4560
19886802
5885
10782782
26006
33118661
33404
31328439
491
20460131
30096
673589
49933
8993541
7477
18743071
28699
26674429
5432
46517957
3351
2714405
23780
23262480
16633
29906484
39234
640911
134
40831304
29325
2531938
49520
16733923
26430
42969142
46911
34710034
15479
27246880
17707
35216152
30870
8170870
21212
2769306
32064
12390932
18409
45246719
1991
3285271
49871
40267281
14042
3249583
10499
3626523
24498
40464306
23395
42137498
29278
13450206
23994
5097087
21228
48455979
30488
19523561
29051
29096176
31082
10406524
42871
24546353
4226
23040065
2333
25600651
7396
13785600
29149
20674992
14705
46805438
5682
45109356
21501
2525476
9894
3077335
6953
17305575
46811
22963846
17789
9790373
44660
39365006
11890
49783830
15310
23731876
47568
20227422
5826
36926218
37553
28240884
1249
36702414
42134
665024
22012
14241680
23462
7137515
1115
41828429
25045
34220644
37218
40668708
35735
44486151
3229
16577187
18672
18964908
15566
3254462
611
1486997
13446
15239878
49424
20208935
2500
5987176
34813
30526165
40322
47157605
20461
46986985
27745
23735587
31800
20689917
11110
20121850
37133
28671793
7324
28529139
41800
43780665
27799
36142196
2539
23748695
47003
22607290
42514
6517889
23844
1954424
4327
8918815
10946
45073468
34554
34459059
43916
16336657
47903
1422129
42279
11869363
18650
4411455
33687
25802283
36461
23166659
35862
618653
48857
21354106
23093
27302470
22272
22001428
9852
2785030
15376
4603980
9479
5011604
16888
27290545
49539
13877161
28416
37644292
37107
4819032
37549
14379105
2828
45552925
12345
41022830
31551
17234579
21573
17525135
36759
45367183
19625
34723818
44673
36952808
11349
26455003
44965
19858177
45665
15506565
45199
20083199
10406
44447330
20841
49897260
3573
49291953
31805
32307792
45554
13964023
39654
15140877
32875
35151515
9245
12147142
16633
48248970
41636
5272458
7889
25091637
6129
31712262
3343
21923245
37381
23797511
24666
10925200
28922
14266170
20918
11329200
44199
11379192
46212
20677787
21250
37193793
14061
47456158
34204
27503536
28696
40473886
49491
46490011
19514
22020811
18338
3816543
18162
28907509
571
16509833
1338
23172613
15080
30017221
2498
24452353
37927
29097123
9772
19033803
1851
4043778
43607
43411560
46569
34325521
16082
33810406
10099
10747855
19328
5201205
25732
36304663
5355
10631321
32304
42954112
15289
33542961
9234
24893285
21770
36954086
33173
38930872
32763
28498889
29507
33658146
10069
31001712
24267
33212092
6196
19221170
38148
31028337
39052
29662745
26225
36424259
21171
17849817
20111
41494505
25483
28312787
12074
22318157
33212
44224675
24252
3955286
26488
46177456
7192
8728920
42700
9032601
48839
19101872
37857
40118777
30665
48240985
35374
26342277
20370
6458953
30424
38685188
33333
22745509
44378
6527923
29515
42012119
31613
11683988
37797
4644958
16528
37639710
4966
4109589
32721
16540909
20068
17647977
38763
19160961
25392
36385730
25252
30199144
8756
9193599
37325
47128365
20962
8369518
9173
10157615
38215
29966905
16395
38557170
40037
37349834
7520
2628041
46143
15507795
17019
6254724
40765
11045040
46586
23641447
12059
6172484
44810
48829143
22658
34995862
37905
12063559
49069
37370213
10397
33302045
30844
41143786
6086
38124452
36399
12396077
30413
28356424
6201
4010172
15855
13045790
3545
45311823
21311
49282834
16043
18811841
44730
4220297
47706
21266034
549
16981628
14631
43249892
44553
5080875
45014
11541888
11103
11740181
47842
45045932
43815
12136398
47880
2785621
4326
2335456
777
35030864
29281
33813176
1543
46682509
30220
42847181
3190
15554890
45768
3228428
3713
19708044
44087
21647906
3807
14187834
32851
29584944
21075
27573201
31641
42321322
7687
900898
21823
6733881
16241
6095395
36541
6264210
6081
46246941
45604
45238118
22830
12111107
10538
4918052
24121
48996594
47439
22563874
18280
39157493
1187
13654072
45453
17700258
10623
36510537
340
4620268
9033
14406660
11602
9814941
40865
47909216
17547
971881
43333
46386982
26105
24569703
9783
6066003
46128
35230968
39964
28668109
8265
38850356
26133
23310671
18722
23944851
42531
3410094
38686
27844930
30613
35717805
35654
8222087
39311
16825434
10146
7535191
39938
47560334
49725
8987661
14728
17487533
7451
14116199
13098
41938714
11792
48077773
7801
30360436
26178
43879367
22732
17580430
2800
37692445
7192
48347110
4132
30414018
18918
13955866
24035
33847457
35149
49940162
21064
7324440
34500
13082840
28125
22939401
28602
26644564
3870
47294674
33764
42514532
35808
463838
2217
13504680
38816
15314829
40190
16321381
29017
32700027
13141
15764523
3458
14950982
12451
5096440
2116
36718085
29732
48832508
404
48448728
23805
21521224
725
38548568
27687
30207887
9703
28283693
11494
48977908
26248
24774469
31187
26029437
591
9666338
17519
27913965
30971
16548585
22989
1850924
39754
18201588
7166
12092635
22228
41329121
6696
2478317
25573
24525785
20208
37439121
24547
35075652
28572
45015518
10279
12151687
46069
13659877
25664
34280217
45119
14540860
47922
13051925
1482
2324930
34190
44852149
31840
2366122
9090
17773040
1276
26331147
31087
7082552
24258
46850396
34535
22436914
9574
15012129
49736
23238338
17143
46656576
42412
36107039
25974
5186613
33108
297308
32753
17969457
9362
42343387
10186
45243267
17815
36392977
48752
5522393
36448
11809768
1996
21310920
1381
47740597
8246
2516583
633
38604623
4256
13119983
28048
20618432
27839
40217037
49940
34878819
23081
9715478
39833
43805029
39984
13192855
16777
5422250
39068
27309556
28552
9679284
37740
40771307
35073
2381650
7465
6173312
40009
6312270
43811
990009
21173
12756611
40566
49730401
22936
13507657
8866
41683742
33280
43945343
30344
30595635
45387
30412231
3637
23930406
27630
37114558
46426
25762913
19753
34186536
17510
36894693
48291
35462450
27754
47524917
37037
47024695
46374
44606013
1289
4861611
15762
40928907
17955
41252301
46569
32072257
23065
25925486
164
25132475
12254
16164605
14297
43780805
13702
3527513
46229
16980664
14567
15710253
22234
27136752
18700
25266384
30931
37613369
46365
6212134
43128
21359111
13980
20263334
18820
22259080
5493
45603713
27516
22535403
25753
28726597
27652
48967938
43890
48324537
3975
6745949
1252
27257916
15262
49606205
27472
661889
1329
13382209
18991
6376673
38417
18792866
30499
19560639
8654
49702195
23389
17190822
34414
17312480
24354
2359189
5330
15472062
7981
15894357
8847
4869411
8800
27580100
43040
36853962
24135
6963324
31771
5965263
5239
27477577
30921
12458148
7497
19699158
8033
47967629
37307
5684639
38102
29667372
30094
1125990
23783
15958835
9711
9405793
5369
39377812
17345
36825663
24587
34987425
22438
1599811
25985
33225156
31516
46364878
49715
26021465
29279
6873075
26048
2089895
46008
5444561
24270
35485711
44648
20340348
1247
12740835
21560
42654052
29933
16061319
34230
23053372
42612
47178362
2111
23970119
33539
32976354
36177
4515946
30546
31818249
48217
5973202
7939
7301972
25132
25130232
31442
45192929
16310
18606057
19370
41828141
9759
23235975
4235
49301915
44400
11262101
12972
14913258
42260
2183621
13880
31523528
4851
14557119
24604
9623353
43657
25252154
15009
7308788
28406
42904624
45294
33796360
9952
3980999
26539
49094237
18539
41646481
28978
28485910
26821
33491316
49799
35928730
49806
17153412
29566
26973774
30914
45422138
5004
30833605
37811
24452763
40652
41722760
22092
6579498
15376
18075497
29411
29898575
27119
46764151
24461
10003252
36564
20524631
2297
19914625
16752
14774876
2842
22601392
45656
46221215
5615
19441976
42488
11500970
25263
8441279
30133
18786183
22802
5875557
23334
44407466
49152
18648446
25546
24032803
10470
16933659
47878
44693578
12224
28406099
34769
25577589
7557
2695750
33589
32357104
31343
31306734
26990
3924730
15059
47165128
34704
15265592
26037
44556355
1904
27422721
28184
8409902
8379
16768290
10505
33964142
15607
45376651
36245
17106833
16467
31488146
7077
16655480
7827
44018672
28662
26824058
35180
44516353
3629
20911293
43723
18907172
3431
14450738
19162
30350816
8080
40612018
27875
13954917
24320
44857630
34106
17232210
46424
8876052
42870
34248214
23100
12871795
34031
407729
14271
37608878
30161
29087017
12488
21865455
39001
43670811
23539
21379578
6909
37266055
35051
44446169
26079
34932985
31419
25727063
46953
44596564
14380
29576787
28812
25905943
20251
30641982
12843
45661029
49567
14707324
35487
11637742
28623
38509109
9392
48446840
11988
38871961
45259
27761253
5595
33923689
7677
26085637
44279
45963249
4258
36793698
14661
34804940
32219
10497921
24992
39590909
32690
29340026
47518
48555627
7986
45325335
43948
25418823
7827
28167016
10662
13055287
41450
32747632
24075
24124329
25928
2761124
3360
38573999
20723
43111829
17658
31488431
47481
5088840
28931
34250804
17897
48058883
13417
29976635
49477
26788525
30166
34716198
20537
48848624
10030
2192437
16319
14858437
25114
28974924
1286
17226215
40005
23815242
5819
13383717
15509
49823813
25153
37131530
21548
5224752
46524
17524318
22118
40791495
40168
35725602
33597
33461937
36779
21403856
17406
24972871
37692
35142180
45077
44002135
23919
32044156
7717
19194076
27591
28351837
12471
5583295
41762
16519126
9384
42286209
15693
36200974
32055
21636025
12335
32982010
30450
49379979
14379
28217241
29366
4351684
33584
15950267
12108
47776337
43898
20586162
43202
37585404
40402
26861009
2969
43537708
40407
40745679
13846
40537077
25381
36438377
37087
25925598
17105
822752
48122
39879788
31839
45911678
18536
21509743
34556
19515528
3142
30154400
18368
24702890
20824
13840544
14016
27898898
43503
42159592
44890
33799822
15833
34325790
164
18513276
40010
1379886
40396
18162611
17690
49231404
12291
16515023
17308
44013854
39001
22854111
17312
30326775
16827
21029138
24664
45836927
691
38182064
20437
1092634
16844
35953968
24877
5419701
33357
20167367
18516
37494255
3815
29039235
17731
35828850
3127
18121048
26222
31789051
11964
38371077
44571
23331312
15452
20753029
49520
2214863
9306
31034490
38695
17783529
42667
14206772
36677
46185400
12270
21932465
35447
15757684
27231
44550879
31069
7860567
47953
10691735
46101
27021690
44872
3270216
4004
2191086
43972
791197
11550
2082998
2451
35180201
44483
3038728
29774
39391107
10064
29854036
33377
23615001
39715
1358274
13690
26321261
45580
47392953
31978
40815912
20441
29373060
27717
20336852
8996
4908902
32575
19324590
47962
16124505
11510
49661425
21132
7886784
35864
18262974
32186
29365066
21656
41199735
28667
29357150
36594
31187606
18174
42218601
31035
25153843
30527
42021652
54
23324638
24929
18193439
10253
46305810
49216
3179705
41572
45419001
44849
42802667
6351
21491944
37948
43928171
43538
36634002
40352
2099232
43355
10869340
13252
26475266
23832
1679133
26251
27355265
35672
10004957
15499
31602599
46338
27245658
48016
43388443
49088
7649716
28295
35471911
19390
41480368
12892
662963
9687
15002853
16065
37839970
31909
35235805
18915
38608722
40571
10428187
7521
16250777
27616
7466195
5356
46953562
41521
274272
28012
5536640
24220
44656599
5392
14964525
46984
28292898
20384
14949694
34305
8005881
44606
1083218
19810
16109586
19673
5103256
41882
46526860
2852
28929155
28565
8625180
27258
12912583
24681
21821801
49265
47103352
30508
42458060
442
10301321
13408
32159375
8754
159498
33182
43008214
33816
19250729
44365
41760375
11754
1736053
2506
3848346
24566
33741750
40857
4925647
31436
31804941
18920
9007312
17625
22744665
18729
47640380
11995
33483040
40856
37193530
21000
214289
1343
1994464
4279
29459063
1042
17909801
24130
39392532
26635
5188930
43784
49815314
31743
426260
32643
9815490
20379
41478288
28559
5097431
2144
40593221
3491
19075592
48073
27669298
31172
15331700
5036
773418
35972
47775530
17034
33555539
1147
27699319
36893
33172850
38471
44976335
18605
43806988
43487
24269779
41048
34240875
32344
14359511
19820
24333697
36056
14275044
16437
31681779
7531
39078045
3012
20299719
39150
13365774
47584
38345523
25523
21191553
17694
41428517
16542
33091157
4674
45739748
23933
18312526
34151
30300360
17385
7824889
24809
22710009
43012
46746044
42934
19758353
14756
25203179
4036
12874927
593
19695622
6823
16251540
35682
23566435
9678
6627958
6518
1519551
35559
43737048
20571
18884326
28476
15235085
2354
4041014
22903
28221496
26943
23688036
15898
12239102
32354
45627074
37131
17526300
39993
49950920
13204
47621691
27122
39073983
14651
40402073
30890
13171393
5474
911203
32580
14549446
1469
4668980
34935
18897796
21373
28405
2249
35088310
16893
39006410
12764
31184672
34366
32905959
2153
3684378
28534
41878996
44257
32777517
21927
48338104
31063
16541882
8413
5291177
13277
29998622
48763
13110349
921
37135753
13688
6586028
4788
43570774
19533
29127158
27805
244704
1798
39059803
23354
37752569
5325
9837795
12187
2468725
8632
1098800
14510
15650613
17587
24062940
5822
48165054
35146
42908795
30582
46941580
14967
15384020
24117
14866167
10995
34925175
26184
14844320
37796
46293017
12885
32945796
31440
26630360
49197
22558499
41077
31748701
12614
33692994
49297
10424006
9080
39747676
44595
7070802
10563
42649158
6294
18979656
27864
40300731
35318
5687790
34232
46359639
15488
26500526
43685
48208473
27606
27036631
39896
26524291
3455
4561710
24080
29004087
42137
34300362
1080
28493108
15731
8263166
37131
21445628
25793
9969696
9329
46984607
20435
48494407
2731
30075747
20558
32081852
16439
44962683
13462
25188684
17281
15142027
4059
20000136
41386
41926484
45077
8057038
30575
9046220
40219
49356142
19339
11070661
25250
8090703
45153
43651042
30728
24507240
13969
45988749
38927
4150329
13283
25277719
40644
41646608
33833
18043381
15312
31810544
32745
8556810
40211
9115125
35757
31036749
22988
48172408
20428
15176299
27803
29066469
45552
37351554
5190
3620531
47066
35474896
40071
14352927
39037
30762500
12686
34378418
29956
8729374
26420
4016741
209
45071056
16024
47358459
44184
26040781
28726
24417698
14958
28995320
11242
27713289
48265
49435775
16859
4060793
2760
36771925
36767
48549070
26931
19422447
21779
39612363
11583
636129
49062
49712248
25703
34655653
40243
30380559
26602
11634685
37497
46371334
2139
17512011
24704
1883728
22703
19778319
15129
19921024
7384
16265050
25323
16087377
12792
9107555
19136
19086278
19707
22944585
32468
34105886
13083
46423931
12855
23667636
21383
34795716
1968
4231702
13767
49964215
35545
20014186
11542
17295845
14187
6061637
36419
8818669
16832
41928520
11420
12679052
45373
4573740
18666
13738991
5480
36175388
22933
28768120
19981
11897567
32473
22883953
23166
20458769
29698
42450461
206
35503481
32714
26575531
49771
32896595
25570
19586311
5347
22679544
42132
45480333
33277
13440018
11349
17832256
23212
22908852
6232
22502674
33163
26359734
15044
17754024
3261
2042273
26720
16893449
2555
36608161
27032
47167090
36209
7359072
17260
41989783
29606
18712036
40693
30398851
4567
35559056
13273
17733800
26106
26347314
4035
23857774
45461
283236
16088
34695714
43515
6286696
15530
35575961
24133
1918678
49709
35900258
42069
6203291
30843
14610489
3196
37849711
20018
11705170
719
20981920
20054
13888324
49370
16589960
28590
25936491
10873
5402916
26696
4466229
16881
23036353
6734
14347678
41438
28564764
5303
16981523
24559
1139810
19220
18154160
14459
8519009
5121
38426809
8833
40160889
36191
16688831
13187
8066054
28754
44113870
3058
12316536
41212
33862650
11816
19753393
48666
19850565
49622
13943383
24422
3802843
36487
42846767
23909
31309347
4995
7608341
39880
21876135
6470
19410067
3546
24142894
34609
34384838
17403
8144025
20624
977208
44919
14257794
10474
18178144
14194
9581310
37369
43840897
15624
44064946
1720
38819648
10048
26960785
35581
810884
17671
48629596
36661
49678521
24348
28494959
14122
9965592
47636
24868389
48864
45403778
11875
41364242
47955
20910758
10039
5679632
15662
26410455
2379
28384910
32737
21318805
5128
2810287
49495
41057707
40079
46818674
34945
49069765
35893
42116592
47892
29887008
16414
19856243
21418
3400222
42162
32333020
44571
45344078
4960
44859470
32688
30475350
26128
45231947
22444
41633611
5274
37159165
24276
35066691
3758
37529454
41416
7234278
29689
24572298
6393
31454715
32520
23162109
11093
19016914
45190
9378932
3379
23044236
39475
4402072
16140
25496720
11925
6955518
33355
40350798
5720
22710905
9095
40107073
29700
2346475
21835
35689867
44601
17286267
48860
29946031
47331
41246681
18853
737750
8068
30751015
1193
48386936
9481
28375676
6452
35357792
4856
38785203
11734
27320808
15751
1645106
21030
2606719
25008
5715382
39711
15911935
20531
9903333
31332
28238342
27044
17676061
33381
38319590
24015
2639842
9840
30124197
13609
16561371
39584
12550602
36676
24099077
17756
653336
23231
1822642
32245
7016845
11729
6242977
16806
29729626
45500
41739667
35714
38674558
34233
42936096
30588
24292855
12626
36610808
40995
9060412
5061
14387801
42979
37667472
26315
9807051
21106
2166836
30071
26133594
13446
47416269
16689
7494800
43841
10700435
7709
23884154
45910
46045127
26559
14228764
35345
19530331
15417
26875453
9286
38056310
12662
45623562
31030
11329893
3699
5665105
45529
31346185
32872
40410644
41966
344351
5131
9953134
8682
16275589
45983
20517905
45806
24359570
41696
6431479
40529
29217851
13405
36661586
30498
7722849
31569
1046827
44591
18148430
48332
9682338
22883
46479459
15927
23870184
20172
2627405
26046
12034856
21789
24840762
26907
39258582
42755
31097866
40315
41677713
45526
37652442
26187
37009889
3840
18977534
18389
10361389
17932
23775041
44714
2741806
13026
26708402
30144
35022426
40632
23047411
49031
15196016
5088
31066133
29002
8332348
27828
694565
14479
23615629
8782
19880726
23464
43997935
528
44525557
13496
41198308
8276
8066747
19998
20111485
25193
27091831
14658
37253772
23360
39264295
26947
49814414
46267
7049603
14912
44647190
23290
29531248
2305
2298201
28276
19541279
28374
49152011
3030
41600466
6839
8185203
40825
48686535
41184
9115074
37333
17386108
23796
25133701
27093
24382957
3875
21504378
2395
31683501
1261
46896186
15962
12288378
47522
20150604
49049
5075930
29950
40545306
5106
15082692
8689
27239038
18472
38807135
17824
12118226
4774
17858100
40149
10989156
44029
28518465
22025
31095317
17530
9139197
49368
26550749
27700
12080790
20850
35312803
30444
458072
45724
40909432
36123
17565322
14600
28104029
25269
19509043
35511
27264537
12498
31142709
899
17659747
20271
18135918
913
34206247
20424
20470836
9330
29080958
35928
22395683
1578
29953718
3605
43424957
16846
11333241
25761
45260493
28953
33629689
44675
17499482
2333
25528095
24415
36414091
33835
43816389
16299
39910518
41541
34685891
42115
24018525
46735
35052031
7612
48829741
15859
18549055
3199
11584896
758
2996751
7850
27246104
34482
46730292
26376
20366052
16860
22134176
26298
751913
22068
9757380
17349
40233420
29192
7109960
29701
6998283
42266
10982257
22040
47216059
479
45946913
31808
12249255
2888
31809909
2787
44024618
15683
44888885
31854
5903000
42906
37220598
46377
32249383
45712
15416518
8806
24013646
10063
932922
22186
12266000
12845
27221336
932
21822179
46035
49309780
34884
20123684
12406
25027074
36467
42499984
40115
21169804
20849
5042816
43451
8798304
5797
39919997
1807
44354383
16667
19245639
12661
39729936
43436
7116047
38055
37946319
42930
564449
42430
5676447
49288
13779736
39325
10430712
23571
4319772
21243
48705635
9840
4514827
3926
16605371
37604
8634946
39392
13490140
8361
37219572
27900
26618036
1816
32063040
7405
22258490
21124
22276558
40928
19154345
39543
31704262
9045
29747861
46963
8346931
29204
10363933
21575
19960307
45430
33333719
4271
17744771
21126
48032315
37784
45124216
41044
44552740
11836
27838798
23617
34655140
893
1974614
34224
30537487
43979
18272166
48472
35224193
24739
45089468
3325
39188543
10266
19749937
9369
35532831
20184
36567952
40538
29501949
14268
40404837
7635
21675037
31648
22628863
47327
4867834
5241
4283913
39328
3150934
12416
4651587
37648
7926389
10395
15667602
21513
34788658
15190
1579571
46252
42546203
3306
38032413
26954
26949442
23634
49546652
25144
38351428
12019
46273452
14658
49091836
8121
15627489
49271
45884884
6943
17478921
33348
7250368
45151
5381389
26105
20512687
41121
14017214
32348
39938607
33793
19330959
48148
47742734
18807
47056883
24083
8763916
1236
16717141
38618
25033518
24020
23501768
48865
11078169
46779
14143340
19414
2434091
40293
44504377
12067
46079080
20840
18221859
36196
27432064
20247
49526130
47724
43297570
14072
35100052
41360
34519978
38855
498591
21993
41651329
15115
23405367
5147
21517108
34126
21568950
31887
38307533
22320
30310794
48832
3528122
48773
44901415
30007
44956582
32038
43907003
4560
32640355
32488
17260837
9864
24870610
40893
48613781
44436
1827837
16813
39911181
9972
14361080
15199
19638573
49689
30301859
36418
7640068
21587
46349063
44514
21559761
21331
5544244
46994
16198652
13692
39975773
13900
40902029
17394
21491633
49570
31790178
36519
20794570
41453
26585051
45367
35842865
7795
17635398
20464
4041385
28732
33274038
16299
48745479
29778
45274973
48575
36126138
24485
2850671
2098
41627113
21968
19930640
21064
49307992
12088
35858740
14815
7735942
48040
28226761
13279
9240588
16058
34754648
26264
9304927
11148
40252913
49367
24230586
19611
20944895
25176
13881444
12698
4858163
3837
18532206
32395
38954739
9615
11034069
4785
41928842
21238
48566823
30161
45429995
20037
40752556
17239
17575338
15254
13481649
8525
23394217
1738
22494486
1989
18903211
35466
5978333
7201
19014765
37766
48027743
17503
45930974
16510
33768768
47348
47296446
19133
37047395
15094
37365580
36049
46942679
13644
35768198
7821
17860488
3993
37511857
5465
3708824
7053
42738963
47043
40418945
2501
42941195
41663
27732876
36746
22625337
5356
49097156
41783
44970692
12274
46734994
27319
45689856
43941
10830449
36469
20046941
45706
20715150
40656
48865053
10604
49618498
23313
10953752
11233
40087370
94
8123822
2203
41761893
36303
28825402
34185
20896434
36026
9663777
10836
4493341
32149
19227238
33122
26713482
39657
8856709
48212
8437064
9571
32898367
38461
16941674
29207
10013719
3643
48874025
2902
31017918
3897
47515336
30777
37664953
33024
46465936
41707
30563007
38727
14617260
16565
27371463
18753
20547084
7989
31930790
14975
28568710
19882
42069689
27279
35951684
13052
33765304
20444
43242598
36596
15178038
6635
26721508
32373
24829650
48663
21717919
48690
8559135
44194
35126702
43253
12501768
47799
31491628
19169
22011060
17319
30178381
26704
36645290
16970
14635753
23861
46812970
13826
41194252
7904
6009439
23328
3389973
40276
12134326
8822
3551489
16456
21068049
42975
43013750
17964
21052759
36940
46532770
8465
9409305
5473
39738815
5232
1103675
14275
44854120
17953
36411100
5647
49656393
25463
12649082
12359
1016184
43065
14413071
7212
43250963
18278
21771391
26993
13579235
33013
23975340
44291
17126378
19802
6384307
18517
45430519
28774
28709552
8974
28080367
37941
45561338
29046
48538870
14477
2211151
4026
27480172
46266
15636695
32401
47965099
19077
36649887
19230
21655720
35838
41502386
14665
18542687
32483
21056185
1122
11784061
40213
35573130
20718
13190583
38584
13875359
45369
10942246
316
39017204
5214
5049650
34800
37065221
48349
5963359
21515
40007657
21040
16858084
4775
47127149
6584
31824109
6834
27059109
16828
8991109
22887
20616481
43104
27338163
1167
12723375
47062
5784127
47538
24647374
18487
44450323
39649
8586238
24201
23532610
24692
7629274
17410
20450100
26808
43153342
36972
46745075
23757
38800664
9770
23327935
37285
9862514
2526
16828670
6845
14246336
40301
43118510
48326
5098404
28557
13476185
26360
13465691
23676
21514908
46348
19256961
19863
41317548
32147
10404839
10770
28531278
6756
41300691
27568
2432856
12235
41027779
5258
37782048
7402
26526187
24600
49653889
35318
41685305
38328
33970325
38278
48342751
12115
44597444
6571
32486527
30382
26435002
8988
30475127
40590
47970344
24606
10364685
43410
9087775
22441
43847842
46755
44103068
1859
49674461
40415
9925766
22842
5904241
23
33709061
15411
453210
28221
39250332
16339
25662466
29242
44175874
38086
27445795
28157
26019410
38566
29229241
47884
23273399
10999
31737800
4676
49800495
19723
8180014
34323
37823683
7571
43890556
24836
3854845
11023
39942762
340
18329744
10866
1271372
41810
20922234
2187
48967206
9949
40489239
15306
17780905
14301
15549459
43820
7427558
49656
5260241
22666
6168695
921
2801059
27000
3598856
3493
35237250
6170
38833524
44216
40023812
9374
6219438
31630
39177304
27930
37479653
3343
40452793
49668
2131152
18798
27683438
29244
32055470
41349
49296724
14307
19106742
3288
27715468
14975
4371455
44267
36563645
43945
21344043
23923
14882678
29286
32625731
24295
4423728
32414
19594134
16798
31233009
8141
45115154
23245
24780944
25695
12365781
31936
23003071
21974
7488995
10950
23393369
18248
33144605
48220
596199
10219
40632951
12120
49051302
35233
13542756
48508
45597702
18805
39247231
20381
6588077
26173
4742531
48360
10508772
49363
16774714
49664
25667742
11366
32322321
44970
37032437
35458
23091226
17999
11354397
36260
6784766
35598
43072083
18613
15767364
43461
38745651
10385
24678324
12201
4321664
37175
33556625
28162
49214967
47083
21147404
44517
5337603
42221
41808913
17132
38177812
30867
22957730
10347
3252281
9646
35613740
28421
6187298
40124
24196888
37309
33428517
9997
12145811
15743
30357064
40190
39155554
30967
46568700
49905
9617704
48359
49545165
2854
10845716
49492
47250460
30161
26349954
41470
43882372
10635
29219781
29323
5097091
35238
17577742
37454
38486827
41741
1463846
505
7326493
36978
39257406
16917
44557361
42493
40837433
17102
38635825
1805
14344159
1368
48950131
41396
33910463
39763
27289119
31390
8338794
21628
48871728
31630
16386173
26224
46963009
31788
46362851
40946
6589765
3881
42171505
17989
11393692
16915
20304685
30885
49774353
30848
26390997
45986
39749766
29686
2693488
24745
32589997
32366
23247115
48937
46049496
8646
16272705
8926
27932279
18491
17839486
47488
30027787
49229
4412440
22076
3138531
44601
48982363
20094
2077550
38481
46049393
7952
29324410
821
23685880
8574
37424435
49387
29714105
24772
34016080
19032
20217027
35764
3544562
19745
45038285
8485
3273022
2670
11758342
7814
12104492
34536
12605997
38670
8793694
34429
26960551
23267
3364400
17135
8987953
16824
26237110
45414
27784670
37766
34988671
17471
18904257
21004
13945237
22726
17816897
25146
18277774
30654
4458111
11744
18228568
35327
10182079
23643
41601805
41412
31240025
22573
22679730
49620
36759243
31389
27767529
7286
44934644
39833
25613654
4389
32214756
5488
43891269
36259
12805385
16845
47883748
19270
25167132
24755
430560
2062
13318649
24376
11983821
46015
10790750
32383
8587028
37734
14485595
29635
84075
29556
19781256
44871
26982008
25806
41834982
9320
13392379
44976
47743429
8648
42144693
744
18846069
148
43507072
31158
30377412
27803
15637802
37137
20037379
43424
26193970
870
47296555
24818
46614217
18685
5286104
46721
49459996
27871
8816870
3625
31776420
49106
32705760
8368
11335678
42124
12038442
46666
46543949
20174
41922713
36471
17218015
5670
25229118
25267
42427626
27910
36704391
3743
33232059
13953
11711202
32209
4553267
21420
22179363
19804
37998207
8617
30289987
46717
4842802
19621
23414309
19832
40162895
28403
1112940
736
19326255
3608
25340705
43497
26775707
39447
41549921
40359
9624132
17742
30098231
27333
21954554
27911
10345061
21385
13571247
36330
24019207
43089
21305795
21044
15672743
16509
7420674
10068
2327794
27099
31913825
29679
10983513
48558
22731802
31817
26794450
28602
18825544
26593
30527890
20824
2156039
6117
43443908
31441
12328807
36171
38821291
23974
35491282
29879
29585319
1094
22750437
49052
3005735
23424
10920301
23097
31829579
26540
26757647
13056
12706345
4889
14455083
9959
34020280
45659
8393516
39622
9521892
13132
38651819
17218
45979583
24470
4158956
27246
17987437
36220
20548131
12911
4045030
7756
46634154
28863
49431805
49992
19388819
18216
38483513
21426
20233865
14238
8359051
10110
37399720
30290
16734737
98
9751456
17389
41057398
7250
20611567
29275
3479154
12158
9970677
17916
9040351
25614
32597212
26660
9100468
20919
5736749
37797
46269263
25187
28498131
12054
5722404
7171
41643152
9329
17364796
9858
37272009
15437
24747719
39771
10636473
1250
34319027
25397
11650403
21689
22462373
13538
39438117
36498
32192890
15512
18131948
30395
416917
39535
19063846
25433
40305488
19388
31306549
49457
29779092
8641
47000386
41458
19767384
2845
25859785
16646
43303423
38698
3758539
48326
47832158
35096
34024484
12459
36479548
45982
7313009
29833
4209919
14075
38465886
25729
29505807
16099
33852112
36574
26868076
5382
20387076
2826
43357397
39081
17275236
24376
20028874
43594
30483124
374
21432786
49241
40663766
17184
45572717
23147
31023462
30800
30933226
35447
38615357
13701
10471393
38377
32405369
38132
26469976
15056
4914262
39053
19653699
4669
35613813
32203
44000089
13050
28134135
33786
6545109
29233
36778450
31803
25296267
43096
38440561
5515
36415904
3653
21247990
15893
41046565
44712
22573660
745
16867186
22404
40235685
21793
8447530
48721
2275248
40619
34712283
41289
13485154
31522
23761109
11249
3629356
26459
7629956
47463
48934157
2494
30033106
22765
4983573
9120
20813550
2323
34039913
41973
17953583
26277
8694197
22853
41163615
44240
32776278
13333
49752653
39000
32687844
9886
2058078
48042
27426140
13339
14413995
35794
18696099
9836
5798736
37034
28783281
17193
15708877
23612
41270661
20249
14127781
18919
4179241
35369
21047106
38230
5282009
5130
17403259
1363
42978474
5668
6691511
482
29064024
2360
35899108
48063
27264256
3848
13853850
40504
3726124
21993
30145237
40861
12386454
16588
24240864
10534
26203692
42413
33512943
2305
39148904
5767
42764894
25869
28453253
29064
13145018
33218
33052737
12856
9427925
19683
2198814
18271
12118643
5775
3505503
23363
32906423
49209
49665021
39213
8443324
36071
41645590
13459
34760399
31459
21643274
4660
46239335
21645
41580367
11437
2871136
30825
34521623
46406
31320662
29355
3070805
41058
36986166
7472
26282731
5545
9896198
34729
48445477
48015
33434719
578
32349833
31594
25877518
783
37183411
16507
12366186
17698
39980649
26417
45649700
7190
21622067
3802
7335498
19426
26923903
18910
27859201
48254
2479927
39758
23865665
40746
28611219
23259
45925848
8123
13158078
29203
42189730
8085
10257352
34915
13201513
39772
4883843
2672
38511029
22390
1401183
49796
27285013
42318
293445
32441
24306727
42865
11451887
9030
35875827
37130
45476595
12817
39176528
15064
31477346
26129
32917848
99
31354286
45467
27361450
43689
41682715
28381
41928999
18097
46998867
9866
28735483
6930
3683514
9692
5004417
43850
8160186
46358
34109185
17850
2724893
28974
25043634
10357
3650954
43361
17072516
15544
42509282
31936
9307539
8511
48597735
9148
11627156
37297
16267150
44312
26871003
10830
13066828
43312
47269952
45733
