0
1
2
3
4
5
6
7
8
9
10
11
12
13
14
15
16
17
18
19
20
21
22
23
24
25
26
27
28
29
4277
31
32
33
34
1308
36
37
38
39
40
41
42
4216
2556
45
46
47
48
49
2750
51
3648
53
54
55
56
57
58
59
60
61
62
63
64
65
66
67
68
69
70
71
72
73
74
4054
2737
77
78
79
3197
81
82
1331
84
85
3631
4700
88
89
90
91
92
93
3116
95
96
97
98
99
100
101
1283
103
104
105
106
107
108
109
2104
111
3714
113
114
115
116
2196
118
119
120
121
122
123
124
125
126
127
128
129
130
131
1101
133
134
135
2380
137
138
139
140
141
142
143
144
145
146
147
148
149
150
151
152
153
154
155
227
157
158
159
160
161
3284
4281
164
165
166
167
168
169
170
171
172
173
174
175
176
177
178
4260
180
181
182
183
184
185
186
187
188
3261
190
191
192
193
194
195
196
197
198
199
200
201
2123
862
204
2478
206
2273
3808
209
210
211
688
1474
1197
215
216
217
218
219
220
863
222
223
921
4991
226
156
1970
229
230
231
232
233
234
235
236
237
238
239
240
241
242
243
244
245
1037
247
248
3802
250
2471
252
253
254
255
256
3882
258
3094
260
261
262
2446
264
265
266
267
268
269
3686
271
272
273
4245
275
276
277
278
279
4985
764
282
283
284
285
4198
287
3244
289
290
291
1462
4021
294
295
483
580
298
299
300
301
302
303
304
305
306
307
4757
876
310
311
312
313
314
315
316
317
4077
319
320
321
322
323
324
325
326
327
328
329
1608
331
332
333
334
1375
336
337
338
339
340
341
342
2644
344
345
346
347
1526
792
350
351
381
353
354
355
356
357
358
359
360
1547
362
363
364
2081
366
367
368
1507
370
371
372
373
374
375
2439
377
378
379
3981
352
382
383
384
385
386
387
388
389
390
391
2378
393
394
3904
396
397
398
399
400
401
402
403
404
405
406
407
1641
409
586
411
412
413
414
415
416
417
418
419
420
421
422
423
424
425
426
3327
428
2017
3350
431
432
3191
434
435
436
437
1989
1158
440
441
442
443
444
445
446
447
448
449
450
451
452
453
454
455
456
457
458
459
203
461
462
463
464
465
466
467
468
2482
470
471
472
473
474
475
476
477
2189
1165
480
481
482
296
484
485
486
2016
488
489
490
491
492
1185
494
495
496
497
498
925
4853
1439
502
503
504
505
506
507
508
509
724
2496
512
1946
3759
515
516
517
518
519
520
1363
522
523
524
525
938
527
528
529
530
531
4736
533
534
535
536
537
538
539
540
541
542
543
544
2405
546
547
548
549
2320
551
552
553
4340
1990
556
557
1882
2476
560
561
562
563
564
565
566
567
568
569
570
571
572
573
574
575
576
577
3237
579
297
581
2872
583
584
585
1006
587
588
589
590
591
592
593
594
1031
596
3330
598
932
600
601
602
2139
604
3030
606
607
608
609
610
611
612
613
614
615
616
2719
618
619
620
1409
622
623
624
625
626
3664
628
629
630
631
632
2059
634
635
636
637
638
639
640
641
4541
643
644
645
646
647
648
3984
650
651
4815
653
654
687
656
657
2832
4507
660
661
662
663
664
665
666
667
668
2091
670
671
672
673
674
1761
676
677
678
679
680
681
682
683
684
929
686
3711
4184
4720
690
691
692
693
694
695
4312
697
2356
1593
700
701
702
703
704
705
706
4537
3192
709
710
711
712
713
714
715
716
4662
718
719
720
721
722
4551
510
725
726
727
728
729
730
3185
732
733
734
735
1982
737
1028
739
740
741
742
743
395
745
746
747
748
749
750
751
752
753
2944
755
1704
757
758
759
760
761
762
763
3068
765
766
767
768
769
4895
771
772
773
3784
775
776
777
778
3739
780
781
1147
783
784
785
3961
787
788
1918
790
791
349
793
794
795
796
797
3764
799
800
801
802
803
804
805
1168
807
808
809
2953
1487
812
813
814
2498
816
817
818
819
820
821
822
823
3582
825
826
827
828
1154
830
3360
832
833
834
4992
1182
837
838
839
3928
841
842
843
844
845
4103
847
848
849
850
4426
852
853
854
855
856
2166
858
859
860
861
1052
221
864
865
866
867
868
869
2198
871
872
873
874
875
309
877
878
879
880
881
882
427
884
885
886
887
2046
889
890
891
892
893
894
895
896
897
898
2003
900
901
902
903
904
905
906
907
908
2206
910
911
912
913
914
915
1564
917
918
919
920
207
922
923
924
499
926
927
928
685
930
931
599
933
934
935
936
937
2245
939
940
941
942
4134
944
945
946
947
2033
949
950
951
952
4653
954
955
4836
957
958
959
960
961
962
963
964
965
966
967
968
969
970
971
972
973
4444
975
976
977
1007
979
980
981
982
983
984
985
986
987
988
989
990
991
992
993
994
995
996
997
998
999
1772
1001
1002
1003
1004
1005
2916
978
1008
3724
1010
1011
1012
1013
1014
1015
1016
1017
1018
1019
2072
1021
1022
1023
1024
1025
1026
1027
738
136
1030
595
1735
675
1034
1035
1036
246
1038
1039
1040
4943
1042
1043
1044
1045
3595
1047
1048
3114
1050
1383
4096
1053
1054
1055
1056
1596
1058
1059
1060
1061
1062
1124
1064
1065
1066
1067
1068
1069
2911
1071
1072
1073
1074
1075
3986
1238
1078
1079
1080
3713
1082
1083
1084
1085
1086
1087
1088
1089
1090
1091
1092
1093
1094
1525
1096
1097
1098
1099
1100
132
1102
1103
1104
1105
1106
2869
1108
1109
1110
2422
1112
1113
1114
2549
1116
1117
1118
1119
1120
1121
1122
1551
1759
1125
1126
1127
1128
1129
1130
1131
3097
1319
1134
1135
1136
1137
1138
1139
1140
1141
1142
1143
1144
1145
1146
782
1148
1149
1150
1151
3036
2609
829
1155
1156
1157
4778
2275
1160
1161
1162
1163
1164
479
1166
1167
806
1169
1170
1171
4066
1173
1174
2899
1176
1177
1178
1179
1180
1181
836
1183
1184
493
1186
1187
1188
4122
1190
3235
1192
1193
1194
1195
1196
2615
1198
1199
1200
1201
1202
1284
1204
1205
3853
1207
2890
1209
1210
1211
1212
1213
1214
1215
1216
1217
1218
1219
1220
1221
1222
1223
1224
1225
1226
1227
1228
1229
1230
2023
1232
1233
1234
1235
1236
1237
1077
1239
1240
1454
3482
1243
1244
1245
1246
1247
1248
1249
1250
2704
1252
1253
1254
2760
1256
1257
3919
1259
1260
1261
1262
1263
1264
3539
1266
4352
1268
1269
1270
1271
2670
1273
1274
1275
1276
1277
1278
1279
1280
1281
1282
102
3978
1285
1286
1287
1288
1289
1290
1291
1292
1293
1294
4332
1296
1297
1298
2276
1300
2544
1302
1303
1304
1305
1306
1307
35
1309
1310
1311
1312
1313
1314
1315
1316
1317
1318
1133
3962
1321
1322
1323
1324
1325
3028
1327
1328
1329
43
83
1332
1333
1334
1335
1336
1337
1338
1339
1340
3073
1342
1343
1344
1345
1346
1347
1348
1349
1350
2283
1352
1353
1354
1355
1356
1357
1358
1359
1360
1361
4826
521
1364
1365
1366
1367
1368
1369
1370
1371
3429
1373
1374
335
1376
4859
1378
1379
1380
1381
4365
1051
1384
1385
1386
1387
1388
1389
1390
1391
1392
1393
1394
1395
1396
1397
1398
1399
1400
1401
1402
1403
4766
1405
1406
1095
1408
621
1410
1411
1412
1413
1414
1415
1416
1417
1418
1419
1420
1421
1422
1423
1424
1425
1426
1427
1428
1429
1430
1431
1432
1433
1434
1435
1436
1437
1438
501
1440
1441
1442
1443
1444
1884
1446
1447
1448
1579
1450
1451
1295
4647
2682
1455
1456
1457
1458
1459
1460
2384
292
3778
1464
1465
1466
1467
1468
1469
1470
1471
1472
1666
213
1475
3491
4632
1478
1479
1480
1481
1482
1483
1484
1485
4912
811
1488
1489
3550
2390
4017
1493
1494
1495
1496
1497
1498
1499
1500
1501
1502
1503
1847
1505
1506
2963
1508
1509
1510
1511
1512
1513
1514
1515
1516
1517
1518
1519
1520
1521
4799
1523
1524
2337
348
1527
2039
1529
1530
1531
1532
1533
1534
1535
1536
1537
1538
1539
1540
1541
4578
1543
1544
1545
3781
361
1548
1549
1550
1123
1552
1553
1554
1555
1709
1557
1558
1559
1560
2109
3693
1563
916
4504
1566
1567
1568
1569
1570
3459
1572
1573
1574
956
1576
1577
1578
1449
1580
1581
1582
4703
3290
1585
1586
1587
1588
1589
3916
1591
1592
2981
1594
1595
1057
1597
1598
1599
1600
1601
1602
1603
1604
1605
1606
1607
330
1609
1610
1611
1612
1613
1614
1615
1616
1617
1618
1619
1620
558
1622
1623
1624
1625
1626
1627
1628
1629
1630
1631
1632
3786
1634
1635
1636
1637
1638
1639
1640
408
1642
1643
3667
1645
1646
1647
1648
1649
1650
1651
1652
1653
1654
1655
1656
1657
1658
1659
1660
1661
1662
2399
1664
1665
1473
3138
1668
4065
1670
1671
1672
1673
1674
1675
1676
2962
1678
1679
1680
1681
1682
1683
1684
1685
1900
1687
1688
1689
1690
1691
1692
1693
4972
4927
1696
1697
1698
1699
3766
1701
1702
1703
756
1705
1706
1707
3281
2705
1710
1711
1712
1713
1714
1715
1716
1717
1718
1719
2168
1721
1722
1723
1724
1725
1726
1727
1728
1729
1730
1731
1732
1733
1734
744
1736
1737
1738
3344
1740
1741
1742
1743
1744
1745
1746
1747
1748
1749
1750
1751
4584
1753
1754
1755
1756
2114
1758
1063
1760
1033
1762
1763
1764
1953
1766
1767
1768
1769
1770
2154
3045
1773
1774
1775
3096
1777
1778
1779
1780
1781
1782
1783
1784
1785
1786
2493
1788
1789
1790
1791
1792
1793
1794
1795
1796
1797
1798
1799
1800
1801
1802
1803
1804
1805
1806
2589
4942
3805
1810
1811
1812
1813
1814
1815
1816
1817
1818
1819
1820
2983
1822
1823
1824
1825
1826
1827
2762
4645
1830
1831
1832
1833
1834
1835
1836
1837
1838
1839
1840
1841
1842
1843
1844
2243
1846
1504
1848
1849
1850
2535
1852
1853
1854
1855
1856
1857
1858
1859
1860
4587
1862
2838
1864
1865
1866
1867
1868
1869
1870
1871
1872
1873
1874
3296
1876
4482
2824
1879
1251
1881
1621
1883
1445
1885
1886
1887
1888
1889
723
1891
1892
1893
1894
1895
1896
1897
1898
1899
3834
1901
1902
3922
1904
1905
1906
1907
1908
1909
1910
1911
1912
1913
1914
1915
1916
1917
4212
1919
1920
1921
1922
4286
1924
1925
1926
4569
1928
1929
1930
1931
1932
1933
2129
1935
1936
1937
1938
1939
1940
1941
1942
1943
1944
3252
513
1947
1948
1949
1950
2055
1952
1765
1954
1955
1976
1957
1958
1959
4648
1961
1962
1963
1964
1965
1966
1967
1968
1969
228
1971
1972
1973
1974
1975
1956
1977
1978
1979
1980
1981
2410
1983
1984
1985
1986
1987
1988
2774
555
1991
1992
1993
1994
1995
1996
1997
1998
4949
2089
2001
2002
899
3918
2005
2006
2007
2008
2009
2010
2011
2012
2013
2014
2015
487
429
2018
2019
2020
2021
2022
1231
2024
2025
2026
2027
2028
2029
2030
2031
2032
948
2034
2035
2036
2037
2038
1528
2397
2041
2042
2043
2044
2045
888
2047
2290
2049
2050
2051
2052
2053
2054
1951
2056
2057
2058
633
2060
2061
2062
2063
2064
2065
2066
4004
2068
2069
2070
2071
1020
2073
2074
2075
2076
2077
2078
2079
478
365
2082
2083
2084
2085
2086
2087
2088
4400
2090
2434
2092
2093
2094
2095
1575
4431
2098
2099
2100
2101
2102
2103
110
2105
2106
4837
2108
3998
2110
4661
2112
2113
1757
2115
2116
2117
2118
2119
2120
2121
2122
202
3130
2125
2126
2172
2128
1934
2130
2131
1241
2133
2134
2135
2136
2137
2138
603
2140
2141
2142
2143
2144
2145
2146
2147
2148
2149
2150
4208
2152
2153
1771
2155
2156
2157
2158
2159
2160
2161
4948
2263
2164
2165
857
2167
1720
2169
2170
3179
2127
2782
2174
2175
2176
2177
2178
2179
3601
3276
2182
2183
2184
2185
2186
2187
2188
2080
2190
2191
2192
2193
2194
2195
117
2197
870
2199
2200
2201
2202
2203
2204
2205
909
2207
2208
2209
2210
2211
2212
2213
2214
2215
2282
2217
2218
2219
2220
2221
2722
2223
2224
2225
2226
2227
2228
2229
2540
4950
2232
2233
2234
2235
2236
2237
2238
2239
2240
2241
2242
1845
2244
3488
2246
2247
2248
2249
2250
2251
2252
2253
2254
2255
2256
2257
2258
2259
2260
2261
2262
2163
2264
2265
2266
2267
3376
2269
2270
2271
2272
224
2274
1159
1299
2277
3903
2279
2280
2281
2216
2407
2284
2285
2286
2396
2288
2289
4843
2291
2292
2293
2294
2295
2296
2297
2298
2299
2300
2301
2472
2303
2304
2305
2306
2307
2308
2309
2310
2311
2312
2313
2314
2315
2316
2317
2318
2319
2374
2321
2322
2323
2324
2325
2326
2327
2328
2329
2330
2331
2332
2507
2334
3995
2336
1407
2338
2339
2340
2341
770
2343
2344
2345
2346
2347
2348
2349
2350
2351
2352
2353
2354
2355
698
2357
2358
2359
2360
2361
3546
2363
2364
2365
2701
2367
2368
2369
2370
2371
2372
2373
3224
2375
2376
2377
392
2379
1029
4557
2382
2383
1461
2385
2386
2387
3685
2389
1491
2391
2392
2393
2394
2395
2287
3417
2398
1663
3579
2401
2402
2403
2404
545
2406
1351
2408
2409
2683
4408
2412
2413
2414
2415
2416
2417
4379
4451
2420
2421
1111
2423
2424
2425
2426
2427
2428
2429
2430
2431
2432
2433
669
2435
2436
2437
2438
376
2440
2441
2442
2443
2444
2445
263
2447
2448
2449
2450
2451
2452
2453
2454
2455
2456
2457
2458
2459
2460
2461
2462
2463
4493
2465
2466
2467
3718
2469
2470
251
2302
2473
2474
2475
559
2477
205
2479
2480
2481
2933
2483
2484
2485
2486
2487
2488
2489
2490
2491
2492
1787
2494
2495
511
2497
3833
2499
2500
2501
2502
3814
2504
2505
2506
3474
2508
2509
2510
2511
410
3002
2514
2515
2516
2517
2518
2519
2520
2521
2522
2523
2524
2525
2526
2527
2528
2529
2530
2531
2532
2533
2534
1851
2536
2537
2538
2539
2230
831
2542
2543
1301
2545
2546
2547
2548
4588
2550
2551
2552
2553
2554
2555
44
2925
2558
2559
2560
2561
2562
2563
2564
2565
2566
2567
2568
2569
2570
2571
2572
2573
2574
2575
2576
2577
2578
2579
2580
2581
2582
3259
2584
2585
2586
3881
2588
1807
2590
2591
2592
2593
2594
2595
2596
2597
2598
2599
2600
2601
2602
2603
2604
2605
2606
2607
2608
1153
2610
2611
2612
2613
2614
214
2616
2617
2618
2619
2620
2621
2622
2623
2624
2625
2626
2627
2628
2629
2630
2631
3945
2633
2634
2635
2636
2637
2638
2639
4964
2641
2642
3227
4469
2645
2646
2048
2648
2649
3054
4835
2652
2653
2654
2655
2656
2657
2658
2659
2660
2661
3952
2663
2664
3364
2666
2667
2668
2669
1272
2671
2672
2673
2674
4739
2676
2677
2678
2679
2680
2681
2132
736
2684
4668
2686
2687
2688
2689
2690
2691
2692
2693
2694
2695
2696
2697
2698
2699
2700
4380
2702
2703
1880
1556
2706
2707
2708
2709
2710
2711
2712
4867
2714
2715
3878
2717
2718
617
2720
4157
2222
4864
2724
4813
2726
2727
2728
3776
2730
4033
2732
2733
2734
2735
2985
76
2738
2739
2740
2741
2742
2743
3678
2745
2746
2747
2748
2749
50
2751
2752
2753
2754
2755
2756
2757
2758
4621
4855
2761
1828
2763
2764
2765
2766
2767
2768
4447
2770
2771
2772
2773
438
2775
2776
2777
2778
2889
3076
2781
2173
2783
2784
2785
2786
2787
2788
2789
2790
2791
2792
2793
2794
2795
2151
2797
2798
2799
2800
2801
2802
2803
2804
2805
2806
2807
2808
2809
2810
2811
2812
2813
2814
2815
2816
2817
2818
2819
2820
2821
2822
2823
4935
2825
3509
1070
2828
2829
2830
2831
658
2833
2834
2835
2836
2837
1863
3063
2840
2841
2842
2843
2844
2845
2846
2847
2848
2849
2850
2851
2852
2853
2854
2855
2856
2857
2858
2859
2860
2861
2862
2863
2864
2865
2866
2867
2868
1107
2870
2871
582
2873
2874
2875
2876
2877
4403
2879
2880
2881
2882
2883
2884
2885
2886
2887
2888
3897
1208
2891
2892
2893
2894
2895
2896
2897
2898
1175
2900
2901
2902
2903
2904
2905
2906
2907
4209
2909
2910
2827
2912
2913
2914
2915
3323
4440
2918
2919
2920
2921
2922
2923
2924
2557
2926
2927
2928
2929
2930
2931
2932
469
2934
2935
2936
2937
2938
2939
2940
2941
2942
2943
754
2945
2946
2947
3302
2949
2950
2951
2952
4093
2954
2955
2956
2957
2958
2959
2960
2961
3451
369
2964
2965
2966
2967
2968
2969
2970
2971
2972
2973
2974
2975
2976
2977
2978
2979
2980
699
2982
1821
2984
2736
2986
2987
2988
2989
2990
2991
2992
2993
2994
2995
2996
2997
2998
2999
3000
3001
2513
3003
3004
3005
3006
3007
3008
3009
3010
3011
3994
3013
3014
3015
3016
4733
3018
3019
4840
3021
3022
3023
3024
3025
3026
3027
1326
3029
4994
3031
3032
3033
3034
3035
1152
3037
3038
3039
3040
3041
3042
3043
3044
1000
3563
3047
3048
3049
3050
3051
3052
3053
2650
3055
3056
3057
3058
3059
3060
3061
3062
2839
3064
1686
3066
3067
4100
3069
3070
3071
3165
1341
3074
3075
2780
3077
3078
3079
3080
2716
3082
3083
3084
3085
3086
3087
3088
3089
3090
3091
3092
3093
259
3095
1776
1132
3098
3099
3100
3101
3102
3103
3104
3105
3106
3107
3108
3109
3110
3111
3112
3113
1049
3115
94
3117
3118
3119
3120
3121
3122
3123
3124
3125
3126
3127
3128
3129
2124
1739
3132
3133
3134
3465
3136
3137
1667
3139
3140
3141
3142
3143
3144
3145
3146
3147
3148
3149
3150
3151
3152
3153
3154
3155
3156
3157
3158
3159
3160
3737
3162
3163
3164
3072
3166
3167
3168
3169
3170
3171
3172
3173
3174
3175
3176
3177
3178
2171
3180
4756
3182
3183
3184
731
3186
3187
3188
3189
3190
433
708
3193
3194
3195
3196
80
3198
3199
3200
3201
3202
3203
3204
3205
3206
3207
3208
3209
3210
3211
3212
3213
3214
3215
3216
3217
4344
3219
3220
3221
3222
4925
550
3225
3226
2643
3228
3229
3230
3231
3232
3233
3234
1191
3236
578
3238
3239
3240
3241
3242
3243
288
3245
3246
3247
3248
3249
3250
3251
1945
3253
3254
3255
3256
3257
3258
2583
3260
189
3262
3263
3264
3265
3266
3267
3268
3269
3270
3271
3272
3273
3274
3275
2181
3277
3278
3279
4811
1708
3282
3283
162
3285
3286
3287
3288
3289
1584
3291
3292
3293
3294
3295
1875
3297
3298
3299
3300
3301
2948
3303
3304
3305
3306
3307
3308
4105
3310
3311
3312
3313
3314
3315
3316
3317
3318
3319
3320
3321
4646
4271
3324
3325
3326
883
3328
3329
597
3331
3332
3333
3334
3335
3336
3337
3338
3339
3340
3341
3342
3343
4695
3345
3346
3347
3348
3349
430
3351
3352
3353
3354
3355
3356
4664
3358
3359
2541
3361
3362
3363
2665
3365
3366
3367
3368
3369
3370
3371
3372
3373
3374
3375
2268
3377
3378
3379
3380
3381
3382
3383
3384
3385
3386
3387
3388
3389
3390
3391
3392
3393
3394
3395
3396
3397
3398
3399
3400
3401
3680
3403
3404
3405
3406
3407
3408
3409
3410
3411
3412
3413
3414
3415
3416
2040
3418
3748
3420
3421
3422
3423
3656
3425
3426
3427
3428
1372
3430
3431
3432
3433
4412
3435
3436
3437
3438
3439
3440
3441
3442
3443
3444
3445
3446
3447
3448
3449
3450
1677
3452
3453
3740
3455
3456
3457
3458
1571
3460
3461
3462
3463
3464
3135
3466
3467
3468
3469
3470
3471
3472
3473
2333
3475
3476
3477
3478
3479
3480
3481
1242
3483
3484
3485
3486
3487
526
3489
3490
1476
3492
3493
3494
3495
3496
3497
3498
3499
3500
3501
3502
3503
3504
3505
3755
3507
3508
2826
3510
3511
3512
3513
3514
3515
3516
3517
3518
3519
3520
3521
3522
3523
3524
3525
3526
3527
3528
3529
4248
3531
3532
3533
3534
4893
3536
3537
3538
1265
3540
3541
3542
3543
3544
3545
2362
3547
3548
3549
1490
3551
3552
3553
3554
3555
3556
3557
3558
3559
3560
3561
3562
3046
3564
3565
3566
3567
3568
3569
3570
3571
3572
3573
3574
3575
3576
3577
3578
4940
4292
3581
824
3583
3584
3585
3586
3587
3588
3589
3590
3591
3592
3593
3594
1046
3596
3597
3598
3599
3600
2180
3602
3603
4368
3605
3606
3607
3608
3609
3610
3611
3612
3768
3614
3615
3616
3617
3618
3619
3620
3973
3622
3623
3624
3625
3626
3627
3628
3629
3630
86
3632
3633
3634
3635
3636
3637
3638
605
3640
3641
3642
3643
3644
3645
3646
3647
52
3649
3650
4020
3652
3653
3654
3655
3424
3657
3658
3659
3660
3661
3662
3663
627
3665
3666
1492
3668
3669
3670
3671
3672
3673
3674
3675
3676
3677
2744
3679
3402
3681
3682
3683
3684
2388
270
3687
3688
3689
3690
3691
3692
1562
3694
3695
3696
3697
3698
3699
3700
3701
3702
3703
3704
3705
3706
3707
3708
3709
3710
655
3712
1081
112
3715
3716
3717
2468
3719
3720
3721
3722
3723
4147
3725
3726
3727
3728
3729
3730
3731
3732
3733
3734
3735
3736
3161
3738
810
3454
3741
3742
3743
4829
3745
3746
3747
3419
3749
3750
3751
3752
3753
4130
3506
3756
3757
4107
514
3760
3131
3762
3763
798
3765
1700
3767
3613
3769
3770
3771
3772
3773
3774
3775
2729
3777
1463
3779
3780
4562
3782
3783
774
3785
1633
3787
3788
4592
3790
3791
3792
3793
3794
3795
3796
3797
3798
3799
3800
3801
4092
3803
3804
1809
3806
4583
208
3809
3810
3811
3812
3813
2503
3815
3816
3817
3818
3819
3820
3821
3822
3823
3824
3825
815
3827
3828
3829
3830
3831
3832
3826
3065
3835
3836
3837
3838
3839
3840
3841
3842
3843
3844
3845
3846
3847
3848
3849
3850
3851
3852
1206
3854
3855
3856
3857
3858
3859
3860
3861
3862
3863
3864
3865
1320
3867
4247
3869
3870
3871
1172
3873
4742
3875
3876
3906
3081
3879
3880
2587
257
3883
3884
3885
3886
3887
3888
3889
3890
3891
3892
3893
3894
3895
3896
2779
3898
3899
3900
3901
2342
2278
1032
3905
3877
3907
3908
3909
3910
3911
3912
3913
3914
3915
1590
3917
2004
1258
3920
3921
1903
3923
3924
3925
3926
3927
840
3929
3930
3931
3932
3933
3934
3935
4499
3937
3938
3939
3940
3941
3942
3943
3944
2632
3946
3947
3948
3949
3950
3951
2662
3953
3954
3955
4505
3957
3958
3959
3960
4754
3866
3963
3964
3965
3966
3967
3968
3969
3970
3971
3972
3621
4580
3975
3976
3977
1203
4324
3980
380
3982
4425
649
3985
1076
3987
3988
3989
3990
3991
3992
3993
3012
2335
3996
3997
1561
3999
4000
4001
4002
4003
2067
4005
4006
4007
4008
4009
4010
4011
4834
4013
4014
4283
4016
1644
4018
4019
3651
293
4022
4023
4024
4025
4026
4027
4028
4029
4955
4031
1927
2731
4034
4035
4036
4037
4038
4039
4040
4041
4042
4043
4044
4045
4046
4047
4048
4049
4050
4051
4316
4053
75
4055
4056
4057
4058
4059
4060
4061
4062
4063
4064
1669
3872
4067
4068
4069
4070
4071
4072
4073
4074
4075
4076
318
4078
4079
4080
4081
4082
4083
4084
4085
4086
4087
4088
4089
4090
4091
249
779
4094
4095
460
4097
4098
4099
281
4101
4102
846
4104
3309
4106
3758
4108
4109
4110
4111
4112
4113
4114
4115
4116
4117
4118
4119
4120
4121
1189
4123
4124
4125
4126
4127
4128
4129
3754
4131
4132
4133
943
4135
4136
4137
4138
4139
4140
4141
4142
4143
4144
4145
4146
1009
4148
4149
4150
4151
4152
4153
4154
4155
4156
2721
4158
4159
4160
4161
4162
4163
4164
4165
4166
4167
4168
4169
4170
4171
4172
4173
4174
4566
4176
4177
4178
4179
4180
4181
4182
4183
212
4185
4186
4187
4188
4189
4190
4191
4192
4193
4194
4195
4196
4197
286
4199
4200
4201
4202
4203
4204
4205
4206
4207
2796
2908
4210
4211
789
4213
4214
4796
4253
4217
4218
4219
4220
4221
4222
4223
4224
4225
4226
4227
4228
4382
3357
4751
4232
4233
4234
4235
4236
4237
4238
4239
4240
4241
4242
4243
4244
274
4246
3868
3530
4249
4250
4251
4252
4655
4254
4255
4256
4257
4258
4259
4721
4261
4262
4263
4264
4265
4266
4267
4268
4269
4270
2512
4272
4273
4395
4275
4276
30
4278
4279
4280
163
4282
4015
4284
4285
1923
4287
4288
4289
4290
4291
4904
4293
4294
4295
4296
4297
4298
4299
4300
4301
4302
4303
4304
4305
4306
4307
4308
4309
4310
4311
696
4313
4314
4315
4052
4317
4318
4319
4320
4321
4322
4323
3979
4325
4326
4327
4328
4329
4330
4331
1452
4333
4334
4335
4336
4337
4338
4339
554
4341
4342
4343
3218
4345
4346
4347
4348
4349
4350
4351
1267
4353
4354
4355
4356
4357
4358
4359
4360
4361
4362
4363
4364
1382
4366
4367
4468
4369
4370
4371
4372
4373
4374
4375
4376
4377
4378
2418
2366
4381
4229
4383
4384
4385
4386
4387
4388
4389
4390
4391
4392
4393
4394
4274
4396
4397
4892
4399
2000
4401
4402
2878
4404
4405
4406
4407
2411
4409
4410
4411
3434
4413
4414
4415
4416
4417
4418
4419
4420
4421
4422
4423
4424
4614
851
4427
4547
4429
4430
2097
4432
4433
4434
4435
4436
4437
4438
4439
2917
4441
4442
4443
4230
4445
4446
2769
4448
4449
4450
2419
4452
4453
4821
4455
4456
4457
4458
4459
4460
4461
4462
4463
4464
4465
4466
4593
3604
343
4470
4471
4472
4473
4474
4475
4476
4477
4478
4479
4480
4481
1877
4483
4484
4485
4486
4487
4488
4489
4490
4491
4492
2464
4494
4495
4496
4497
4498
3936
4500
4501
4502
4503
1565
3956
225
659
4508
4509
4510
4511
4512
4513
4514
4515
4516
4517
4518
4519
4520
4521
4522
4523
4524
4525
4526
4527
4528
4529
4530
4634
4532
4533
4534
4535
4536
707
4538
4539
4540
642
4542
4543
4544
4545
4546
4428
4548
4549
4550
1890
4552
4553
4554
4555
4556
2381
4558
4559
4560
4561
1546
4563
4564
4565
4175
4567
4568
4032
4570
4571
4572
4573
4574
4575
4576
4577
1542
4579
3974
4581
4582
3807
1752
4585
4586
1861
1115
4589
4590
4591
3789
4467
4594
4595
4596
4597
4598
4599
4600
4601
4602
4603
4604
4605
4606
4607
4608
4609
4610
4611
4612
4613
3983
4615
4616
4617
4618
4619
4620
2759
4622
4623
4624
4625
4626
4627
4628
4629
4630
4631
1477
4633
4531
4635
4636
4637
4638
4639
4640
4641
4642
4643
4644
1829
3322
1453
1960
4649
4650
4651
4652
953
4654
1330
4656
4657
4658
4659
4660
2111
717
4663
974
4665
4666
4667
2685
4669
4670
4671
4672
4673
4674
4675
4676
4677
4678
4679
4680
4681
4682
4683
4684
4685
4686
4687
4688
4689
4690
4691
4692
4693
4694
3761
4696
4697
4698
4699
87
4701
4702
1583
4704
4705
4706
4707
4708
4709
4710
4711
4712
4713
4714
4715
4716
4717
4718
4719
689
179
4722
4723
4724
4725
4726
4727
4728
4729
4730
4731
4732
3017
4734
4735
532
4737
4738
2675
4740
4741
3874
4743
4744
4745
4746
4747
4748
4749
4750
4231
4752
4753
786
4755
3181
308
4758
4759
4760
4761
4762
4763
4764
4765
1404
4767
4768
4769
4770
4771
4772
4773
4774
4775
4776
4777
439
4779
4780
4781
4782
4783
4784
4785
4786
4787
4788
4789
4790
4791
4792
4793
4794
4795
4215
4797
4798
1522
4800
4801
4802
4803
4804
4805
4806
4807
4808
4809
4810
3280
4812
2725
4814
652
4816
4817
4818
4819
4820
4454
4822
4823
4824
4825
1362
4827
4828
3744
4830
4831
4832
4833
4012
2651
2096
2107
4838
4839
3020
4841
4842
2647
4844
4845
4846
4847
4848
4849
4850
4851
4852
500
4854
1255
4856
4857
4858
1377
4860
4861
4862
4863
2723
4865
4866
2713
4868
4869
4870
4871
4872
4873
4874
4875
4876
4877
4878
4879
4880
4881
4882
4883
4884
4885
4886
4887
4888
4889
4890
4891
4398
3535
4894
3902
4896
4897
4898
4899
4900
4901
4902
4903
3580
4905
4906
4907
4908
4909
4910
4911
1486
4913
4914
4915
4916
4917
4918
4919
4920
4921
4922
4923
4924
3223
4926
1695
4928
4929
4930
4931
4932
4933
4934
1878
4936
4937
4938
4939
2400
4941
1808
1041
4944
4945
4946
4947
2162
1999
2231
4951
4952
4953
4954
4030
4956
4957
4958
4959
4960
4961
4962
4963
2640
4965
4966
4967
4968
4969
4970
4971
1694
4973
4974
4975
4976
4977
4978
4979
4980
4981
4982
4983
4984
280
4986
4987
4988
4989
4990
4506
835
4993
3639
4995
4996
4997
4998
4999
