2393975
2247
1980271
4096
86040
3137
1377791
4950
832330
431
3572492
253
3432830
4761
1688358
960
1898256
1307
1199720
1338
2659268
1464
1753411
2359
2710304
3163
3228869
1917
972987
1623
1034872
3792
595714
3895
562522
741
2123410
1457
3054349
2323
3751638
80
4164769
4711
4936733
4460
2470326
4395
3445776
4628
4498462
3529
2463102
1931
1329345
4747
1446019
800
3363746
2965
1201511
1590
1928914
3507
1573653
1659
2866903
2245
4636101
636
3815423
2856
4299862
1524
799100
4017
3532837
1749
900144
3872
432039
3377
2805869
1250
4119491
756
3882960
3833
1468417
1148
3129470
4797
2087649
2759
4157133
2686
208319
18
4930398
1229
56121
243
4458565
3843
2353436
891
1792687
2143
261376
1142
381158
104
3929989
3082
3320507
1147
22832
4451
2280934
1398
2964815
3445
4697848
3558
3305315
4287
3584982
726
2619074
285
2826138
3918
2671807
2214
3255383
3930
1349008
42
2351579
4731
4696902
1060
4646581
823
540227
3108
3436872
2715
2877063
4595
1292763
2739
4383443
30
3917663
4497
2804990
1413
2518538
349
2084194
415
4025557
1071
871332
2370
546282
3591
825545
3698
968192
2672
4514993
1846
753893
2878
4242467
2782
2060161
3921
3006819
436
1289401
3658
3298498
436
3453546
2151
4208072
4879
2676293
4487
2979419
2509
2227010
1142
1749814
449
437590
2466
2746297
4872
2873197
57
1700974
3009
750667
4003
4467096
240
2600473
1766
1257234
1989
2371512
774
1971909
871
3774337
1872
4827605
3847
1687982
3434
4699269
1999
3753385
2224
374188
4386
2529819
4556
80897
3707
1002325
4978
2175628
3990
3687477
4356
2609293
388
3370473
1083
1819507
3200
2191294
2539
261654
3902
3825964
141
3260784
257
4745478
4901
4017682
227
1925640
3663
1654269
3963
3093225
2365
2309460
1774
3450308
186
1677016
2267
243928
3460
2804632
3650
726232
2929
795694
698
668710
189
3277368
3379
1359651
2318
3891339
3144
567056
1998
4734573
756
3275040
4983
2044359
2101
4401240
1565
2200400
360
3162474
2778
3878032
515
2635765
3011
2674245
2990
2842741
1306
553645
1462
2589176
3971
525559
3996
209101
176
4336681
3804
4555707
1604
3443569
4800
4485310
2145
64582
2569
3392097
4361
58374
3113
140928
1418
2655922
273
4446475
3992
4924061
2115
3226379
3852
3756492
1493
2408137
1303
2024357
128
3490164
4033
2556049
3294
4962969
4594
1556539
258
92896
4004
4880469
4077
2190742
1965
3282729
4079
4890495
1964
835235
3875
3090135
1410
4959578
2697
1803292
4772
3814218
4471
2180723
4002
2914833
376
2534385
205
3631506
4001
468554
728
2374752
4372
2295908
3690
1404537
1479
3644830
80
432339
2440
1685988
3325
3648696
1158
158914
997
2559502
894
3300352
1356
1105417
4968
184750
2310
4912939
2207
2742779
3711
624118
2307
2195677
4674
259928
2711
4073975
301
4015592
3910
574180
743
1788951
3055
4559487
308
723938
1995
1335167
4836
3957073
2321
4781312
1244
4958256
282
3588767
428
4839114
4191
4046934
1048
978765
3091
294577
4487
4205951
3751
4949059
479
2349538
56
835405
55
185220
1846
990462
3849
3814076
955
2176654
480
1276151
1385
674389
93
729272
754
1077101
2024
2946942
3891
561217
4584
4512703
464
4346847
1339
2242019
3936
917415
1696
3010
4215
444784
371
1284831
1072
2414111
2338
1850572
2995
4847895
3724
1111261
1810
3969325
1801
