0
1
2
3
4
5
6
7
8
9
10
11
41
13
14
299
16
239
18
19
20
80
22
219
139
25
26
27
28
29
30
31
32
33
34
196
76
37
251
143
40
12
42
43
44
45
46
47
48
49
50
51
39
53
54
55
56
57
58
59
60
318
62
63
64
65
61
67
68
69
70
71
72
73
74
75
36
77
78
287
21
81
82
83
84
85
86
87
88
89
90
91
92
136
94
95
470
97
98
498
100
101
197
103
104
105
106
107
108
109
110
111
112
113
469
115
116
117
441
119
120
121
286
123
124
125
126
127
128
129
130
131
132
133
134
330
93
137
138
24
140
141
142
52
144
466
146
147
148
149
150
151
152
316
154
155
156
157
158
159
160
161
162
163
164
368
166
278
168
169
170
171
172
173
174
175
176
243
178
179
201
181
271
183
184
185
186
187
188
189
190
446
192
193
194
195
35
102
198
199
200
180
202
203
204
205
206
207
208
209
210
211
212
213
214
215
216
217
218
23
220
221
222
307
224
225
226
227
228
229
230
231
232
233
234
235
236
237
238
17
364
241
242
177
244
245
246
247
248
249
250
38
252
253
254
255
256
257
258
353
260
261
262
263
264
265
266
267
268
269
270
182
272
273
373
275
276
277
167
279
280
281
282
283
284
285
308
461
288
289
290
291
292
293
328
295
296
297
298
15
300
301
302
303
304
305
306
223
122
309
310
311
312
313
314
315
66
317
153
319
320
429
322
323
324
325
326
327
294
329
135
331
332
333
334
335
499
337
338
339
340
341
342
343
344
345
346
456
348
349
350
351
352
259
354
355
356
357
358
359
360
361
362
363
240
321
366
367
165
478
370
371
465
274
374
375
376
377
378
379
380
381
382
383
384
385
386
387
388
389
474
391
392
393
489
395
485
397
398
399
400
401
402
403
404
405
406
407
408
409
410
411
118
413
414
415
416
421
418
419
420
417
422
423
424
425
426
427
428
365
430
431
432
433
434
435
436
437
438
439
440
412
442
443
336
445
191
447
448
449
450
451
452
453
454
455
347
457
458
459
460
79
462
463
464
372
145
467
468
114
96
471
472
473
390
475
476
477
369
479
480
481
482
483
484
396
486
487
488
394
490
491
492
493
494
495
496
497
99
444
