459
217
131
251
46
222
35
305
391
415
457
204
210
196
106
284
163
404
422
95
496
1
253
406
421
233
178
435
105
158
26
349
402
126
410
463
98
37
190
412
398
320
444
277
156
302
312
419
290
218
207
220
306
80
449
359
10
427
332
112
38
166
471
281
297
111
101
202
159
358
486
301
491
346
97
485
436
252
424
246
417
400
93
258
356
117
473
154
379
206
142
388
383
199
167
442
230
411
345
492
28
441
162
85
52
160
68
221
4
48
365
326
493
353
171
174
77
489
405
189
82
11
113
315
185
228
211
403
382
321
433
399
128
401
376
256
36
169
497
266
119
250
122
227
479
450
481
270
155
184
446
33
299
386
172
139
338
361
32
283
124
452
213
426
340
329
407
300
242
268
387
366
423
55
3
342
339
445
181
275
439
482
18
324
360
237
130
104
316
164
333
120
180
23
293
121
488
16
465
267
151
70
431
458
75
200
15
135
51
377
453
385
187
229
116
354
103
49
456
87
347
437
309
39
296
100
73
44
161
375
81
61
2
176
205
474
56
69
350
45
30
88
257
182
86
89
238
0
153
313
464
448
132
208
371
466
219
134
197
5
20
43
447
462
108
498
262
235
247
408
395
102
165
355
239
7
115
138
337
188
236
110
234
368
397
292
136
64
243
394
74
195
216
317
307
276
25
282
9
40
413
143
286
125
90
362
384
42
201
484
298
109
331
259
328
141
146
344
226
215
318
140
186
212
341
374
472
461
304
369
478
241
322
92
289
224
348
41
191
480
133
483
468
260
494
29
179
17
261
438
343
454
248
278
393
214
460
127
311
19
381
254
66
319
351
6
367
96
409
490
13
194
455
310
373
429
334
12
287
269
314
34
59
168
145
425
477
249
225
144
107
123
288
285
147
94
67
99
370
432
380
396
272
418
378
129
274
487
295
149
255
192
279
327
364
416
352
193
231
499
390
31
335
440
114
428
263
271
83
273
170
291
414
24
76
79
264
392
430
62
420
223
451
63
330
336
177
78
71
443
84
54
470
148
294
183
53
265
475
203
118
240
363
14
434
244
357
137
57
157
47
245
303
22
308
152
50
495
91
389
175
372
8
476
209
65
150
58
325
173
323
232
27
60
469
198
21
72
280
467
