0
1
2
3
4
5
6
7
8
9
832
1344
1738
13
2276
15
16
17
18
2842
20
21
22
3749
4033
25
26
1375
28
4254
30
31
32
33
34
35
36
5604
38
4112
5416
41
42
43
1437
45
46
47
1737
49
50
51
52
53
54
55
588
78
58
59
60
61
62
3672
64
65
66
67
68
4905
5446
71
72
73
74
2754
76
77
57
79
80
81
82
83
84
85
2221
87
765
89
90
91
1806
93
94
95
96
97
98
99
2639
101
2066
103
3891
105
106
107
108
109
110
111
112
113
114
115
890
117
118
119
120
2119
122
123
124
125
126
127
128
129
130
3855
132
133
134
135
1640
137
2313
139
140
141
142
143
144
145
146
147
148
149
150
151
152
153
154
155
156
157
158
159
3778
161
5700
1663
164
165
166
4346
168
169
170
171
172
5404
174
175
176
177
178
179
180
181
182
183
184
185
1530
187
188
189
190
191
3958
193
194
195
4269
5880
198
5579
200
201
202
3359
204
205
206
207
208
209
2343
211
212
213
214
215
216
1192
218
219
220
221
222
223
224
225
226
4629
228
229
230
761
232
233
234
235
236
4845
238
239
240
241
242
243
244
245
1210
247
248
249
250
251
252
253
254
255
256
257
1190
1880
260
531
262
263
264
265
266
267
3869
269
270
271
272
273
274
275
1506
277
278
279
280
281
4387
283
284
3567
286
287
288
289
5953
291
292
293
732
295
296
1393
298
299
300
301
302
303
304
3721
306
307
308
309
310
311
312
313
314
315
316
317
318
319
320
321
5580
323
324
325
326
327
3953
329
330
331
332
333
3863
335
336
337
338
339
340
341
342
343
12
345
1579
4357
348
349
350
351
352
353
354
355
1757
357
358
5517
1278
361
362
363
364
4693
5806
367
2743
369
370
371
372
373
374
375
4789
377
378
379
380
381
382
383
384
385
2681
387
388
389
390
3784
392
393
5987
1125
396
397
398
399
400
401
402
403
5008
405
406
407
408
409
410
411
412
413
414
415
416
417
418
419
420
421
422
423
1474
5803
426
427
428
429
430
3418
432
433
434
5761
5230
437
438
439
440
441
442
443
444
445
446
447
448
449
450
451
452
453
454
455
456
457
458
1002
460
461
462
463
464
465
466
467
468
469
470
471
472
473
474
1266
1633
477
478
479
4416
481
482
483
484
485
2492
487
488
489
490
491
492
2414
494
495
496
497
498
499
500
501
502
503
504
505
506
507
508
509
510
511
512
3727
4473
515
516
517
518
519
520
521
522
4735
1403
525
526
5212
528
529
530
261
532
533
534
535
536
537
538
539
540
541
1904
2114
4238
2797
1982
547
548
549
550
551
552
553
5044
2294
556
557
558
559
560
561
562
563
564
565
566
567
568
569
5591
571
572
573
574
575
1827
577
578
579
580
581
582
583
3707
585
586
587
56
589
5242
591
3206
593
594
595
2350
597
598
599
600
601
2230
603
604
605
606
607
608
5687
610
611
612
613
614
615
616
617
618
619
620
621
622
623
624
625
626
627
628
629
630
631
632
633
634
635
636
637
638
639
640
641
642
643
2874
645
646
647
648
649
4231
651
652
653
654
655
656
1276
658
4481
660
661
662
663
664
665
666
667
2628
669
670
671
672
673
674
675
676
677
678
4278
680
681
682
683
5660
685
686
687
688
689
690
691
692
693
694
695
696
697
2853
699
3036
701
702
780
704
705
706
707
708
709
710
711
712
713
714
715
716
717
718
719
720
721
722
723
724
725
4122
727
728
729
730
731
2354
733
734
735
2765
737
738
1597
740
741
742
743
744
745
746
747
748
749
750
751
752
753
754
1986
756
757
758
4443
760
231
762
763
764
88
1142
767
768
769
770
771
772
773
774
775
698
777
778
779
5657
781
782
783
784
785
786
2432
788
4805
790
791
792
793
794
795
796
797
3077
5664
800
801
802
803
804
805
806
2357
808
809
810
811
2083
931
814
1436
816
3947
818
819
820
821
822
4280
824
825
5821
2358
828
829
830
831
10
833
834
835
836
837
838
5528
840
3870
842
843
844
845
846
847
848
849
850
851
852
4074
1903
855
856
857
858
859
860
5960
862
863
864
865
866
867
868
1632
870
871
872
873
874
875
876
877
878
879
880
881
882
4589
884
885
886
887
5716
889
4924
891
892
5063
894
895
3377
897
898
899
4057
901
5728
903
1342
905
906
907
908
909
910
911
912
913
914
1209
5624
950
918
919
920
921
922
923
924
925
926
927
928
929
930
813
932
933
934
935
936
937
938
939
940
941
942
943
944
945
946
947
948
949
917
951
952
953
954
955
956
5912
3234
959
960
961
962
1084
964
965
966
5856
968
969
970
971
972
973
974
975
976
977
5881
979
980
981
5712
983
984
4383
986
987
988
2567
990
991
992
993
994
995
996
997
998
999
2015
1001
459
1003
1004
1005
1006
1007
1008
1009
1010
1011
1012
1013
1041
1015
1067
1017
888
1019
1681
1021
1022
1023
1024
1025
1026
5510
3681
1029
3390
5203
1032
1033
1034
1035
1036
1037
2425
1039
1040
1014
1042
1043
1044
1045
1046
1047
1048
1049
1050
1051
1052
1053
1054
1055
1056
1057
1058
1059
1060
1061
1062
1063
1064
1065
1066
1016
1740
1069
1659
1320
1072
1073
1074
1075
1076
4186
1078
4094
1080
1081
1082
1083
963
1085
1086
1087
2094
1089
1090
2062
1092
1071
1094
1095
1096
1097
1098
1099
4440
1355
5781
1103
1104
1105
1106
1107
2180
1109
1110
2795
1112
1113
5633
1115
1116
3579
1118
1119
1489
1121
1122
1123
1124
2079
1126
1127
3597
1129
1130
1131
1132
1133
1134
1135
1136
1137
1138
1139
1140
1141
766
1143
1144
1976
1146
1147
1148
1149
1150
2022
1152
1153
1154
1155
1156
1157
1158
3288
1160
1161
1162
5355
1164
1165
1166
1167
1168
1169
1170
1171
5009
1173
1174
1175
1176
1177
1178
1179
1180
246
1182
1183
1184
1185
1186
1187
1188
1189
3339
1191
217
1193
1194
1195
1196
1197
1198
1199
1200
1201
1202
1203
1204
1205
5587
1207
3743
915
1181
1211
1212
1213
3580
5904
1216
1217
1218
1219
1220
1221
1222
1223
1224
1225
1226
1227
5884
1229
1230
1231
1232
1233
1234
1235
3688
1237
4827
1239
1240
1241
1242
1243
1244
1245
1246
1247
1248
1249
1250
1251
1252
1253
1254
1255
1256
1257
1258
5713
1260
1261
1262
1263
1264
1265
2944
1267
1268
1269
1270
1271
1272
1273
1274
1275
657
1277
360
5866
1280
1281
1282
1283
1284
1285
1286
1287
1288
3758
1290
4270
1292
1293
1294
1295
1296
2968
1298
1299
4733
1301
1302
1303
1304
1305
1306
1307
1308
1309
1310
3055
1312
1313
1314
1315
1316
1317
1888
1319
1755
1321
1322
1323
1324
1325
1326
1327
1328
1329
1330
1331
1332
1333
1334
1335
1336
1337
1338
1339
1340
1341
5523
1343
11
1345
1346
1347
1348
1349
1350
1351
1352
1353
3376
1101
2040
1357
1358
1359
1360
4045
1362
1363
1364
4302
1366
3214
1368
1369
5621
1371
1372
1373
1374
27
1376
1377
1378
1379
1380
1381
1382
1383
1384
1385
1386
1387
3555
1389
1390
1391
1392
297
1394
1395
1396
1397
1398
2454
1400
1401
1402
524
1404
1405
1406
1407
1408
1409
1410
1411
1412
1413
1414
1415
1416
1417
1418
1419
1420
1421
1422
1423
1424
1425
1426
1427
1872
1429
1430
1431
1432
1433
1434
3946
815
44
1438
1439
1440
1441
1442
1443
1444
1445
1446
1447
1448
1449
5768
1451
1452
1453
1454
1455
1456
1457
1458
5675
1460
1461
1462
1463
1464
1465
1466
1467
1468
1469
1654
1471
1472
1473
424
1475
1476
1477
2223
2926
1480
1481
1482
1483
1484
1485
1486
5706
1488
1120
2531
1491
3824
1493
1494
1495
1496
1497
1498
1499
1500
3734
1502
1503
1504
1505
276
1507
1508
1509
1510
1511
1512
1513
1514
1515
1516
1517
1518
1519
1520
1521
1522
1523
1524
1356
1526
1527
4648
1529
186
1531
1532
1533
1534
1535
1536
1537
1538
3650
1540
1541
1542
1543
2470
1545
1546
1547
1548
1549
1550
1551
1552
1553
2770
1555
1556
1557
1558
1559
1560
1561
1848
1563
1564
1565
1566
1567
1568
1569
1570
1571
1572
1573
1574
1575
1576
1577
1578
346
1580
3983
1582
1583
3676
1585
5038
1587
1588
1589
1590
1955
1592
1593
1594
1595
1596
5343
1598
1599
1600
1601
1602
1603
1604
1605
2029
1607
1608
1609
1610
1611
2965
5219
1614
1615
1616
1617
1947
1619
1620
1621
1622
1623
1624
1625
1626
1627
1628
1629
5792
1631
869
476
1634
1635
5207
1637
2915
1639
3475
1641
1642
1643
1644
1645
3154
1647
1648
1649
1650
1651
1652
1653
1470
1655
1656
1657
1658
1070
1660
29
5036
4788
1664
1665
4118
2898
1668
1669
1670
1671
1672
1673
1674
1675
3750
1677
1678
5366
1680
1020
1682
1683
1684
5375
4219
1687
1688
1689
1690
1691
1692
1693
1694
1695
1696
1697
1698
1699
1700
1701
1702
1703
1794
1705
1706
1707
1708
1709
1710
1711
1712
1713
1714
1715
1716
1717
5844
1719
1720
1721
1722
1723
1724
1725
1726
2844
1728
1729
1730
1731
1732
1733
1734
1735
1736
48
344
1739
1068
1741
1742
1743
1744
1745
1746
1747
1748
1749
1750
1751
1752
1812
1754
1093
1756
356
2952
1759
1760
1761
1762
1763
1764
1765
1766
1767
1768
1769
1770
1771
1772
1773
1774
1775
1776
1777
1778
1779
1780
1781
3385
1783
1784
1785
1786
1787
1788
1789
1790
2780
1792
1793
1704
1795
1796
1797
1798
1799
1800
1801
1802
5514
1952
1805
92
1807
1808
1809
2565
1811
1753
3925
1814
1815
2319
1817
1818
1819
4998
1821
1822
1823
3809
1825
5702
3637
1828
1829
1830
1831
1832
1833
1834
1835
1836
1837
1838
1839
1840
4800
1842
1843
5205
1845
1846
1847
1562
2829
1850
1851
1852
1853
3031
1855
1856
1857
4116
1859
1860
5630
1862
1863
1864
1865
2614
1867
1868
5548
1870
1871
1428
1873
1874
4627
1876
1877
1878
1879
4752
1881
1882
1883
1884
1885
1886
1887
2191
1889
1890
1891
1892
1893
1894
1895
1896
1897
1898
1899
3820
1901
1902
2512
542
1905
1906
2596
1908
1909
2662
1911
1912
4134
1914
1915
1916
1917
1918
5645
1920
1921
1922
1923
1924
1925
1926
1927
1928
1929
1930
1931
1932
5095
1934
1935
1936
5128
1938
1939
1940
1941
4029
1943
1944
1945
1946
2722
1948
1949
5638
1951
1804
1953
1954
2317
4201
1957
1958
1959
4716
1961
1962
1963
1964
1965
1966
1967
2913
1969
1970
4666
1972
1973
4840
1975
1145
1977
1978
1979
1980
1981
546
1983
1984
1985
755
1987
1988
3113
1990
1991
5816
1993
5787
1995
1996
1997
1998
1999
2000
2001
5295
2003
2004
2005
2006
2007
2909
2009
2010
2011
2012
5129
2014
1000
644
2017
2018
2019
2020
19
3381
2023
2024
2025
2026
2027
5017
1606
2030
2031
2032
2033
2034
2035
2036
2037
2038
2039
1525
2041
2042
2043
2044
2045
2046
4802
2048
2557
4348
2051
2052
2053
2054
2055
2056
2057
2058
2059
2060
2061
1091
2063
2064
4723
102
2067
2068
2069
3053
2071
2072
2073
2074
2075
2076
2077
2078
395
2080
2081
2082
812
2084
2085
2086
2087
2088
2089
2090
3589
2092
2093
1088
2095
2096
5179
2098
2099
5180
3144
2102
2103
2104
2105
2106
2107
2108
2109
2110
2111
2112
2113
543
2115
2116
2117
2118
121
2120
2121
2122
2123
2124
2125
2126
2127
2128
5592
2130
2131
2132
2133
2134
2135
2136
2137
2138
2139
2140
2141
2142
2143
2144
2145
2146
2147
2148
2149
2150
2151
2152
2153
2154
2155
2156
2157
1584
2159
2160
2161
2162
2163
2164
2165
2166
5589
2168
2169
2170
2171
2172
2173
2174
5995
2176
2177
2178
2179
1108
2181
2182
2183
2184
3997
2186
2187
2188
2189
2190
1318
2192
2193
3618
2195
2196
2197
2198
2199
2200
2201
2202
2203
2204
2205
2206
2841
2208
2209
2207
2211
2212
3229
2214
2215
2216
2217
2218
2219
2220
86
2222
1478
2224
2225
2226
160
2228
2229
602
2231
5114
2233
2234
2235
2236
2237
2238
2239
2240
2241
2242
2243
2244
2245
2246
2247
5057
2249
2250
2251
2252
2253
2254
2255
2256
2257
2258
2259
2260
2261
2262
2263
2264
2265
2266
2267
2268
2269
2270
2271
2272
2273
2274
2275
14
2277
2278
2279
3759
2281
2282
2283
2284
2285
2286
2287
2288
2289
2290
2291
2292
2293
136
2295
2296
2297
2298
2299
5361
2301
3642
4267
2304
2305
2306
2307
2308
3937
2310
2311
1479
138
2314
2315
5053
1591
2318
1816
2320
2321
2322
2323
2324
2325
4874
2327
2328
2329
2330
2331
2332
2333
2334
2335
2336
2337
2811
4602
2340
2341
2342
2609
2344
2345
2346
2347
2348
2349
596
5546
2352
2353
294
2355
2356
807
827
2359
2360
2361
2362
2363
2364
4310
2366
2367
2368
2369
2370
2371
4419
2373
2374
2375
2376
2377
2378
2379
2380
2381
2382
2383
5199
2385
2386
2387
2388
2389
2390
2391
2392
4294
2394
2395
2396
2397
2398
2399
2400
2401
5334
2403
2404
2405
2406
2407
2408
2409
2410
2411
5433
2413
3731
2415
2416
2417
2418
2419
5347
2421
2422
2423
2424
1038
2426
2427
2428
2429
2430
2431
787
2433
2434
4251
425
2437
2438
2439
2440
2441
4283
2443
2444
2445
2446
3944
2448
2449
2450
2451
2452
2453
1399
2455
5741
2457
2458
2459
2460
2461
2462
2463
2464
2465
2466
2467
2468
2091
2656
2471
2472
2473
2474
2475
2476
2477
2478
2479
2480
2481
2482
2483
2484
2485
2486
3068
2488
5320
5336
2491
5883
2493
2494
2495
3902
2497
2498
2499
2500
2501
2502
2503
2504
2505
2506
2507
2508
2509
2435
2958
854
2513
2514
2515
2516
2517
2518
2519
2520
2521
2522
2523
2524
2525
2526
2527
2528
2529
2530
1490
2532
2533
2534
2535
2536
2537
2538
2539
2540
2541
2542
2543
116
2545
2546
2637
2548
2549
2550
2551
2552
2553
2554
2555
2556
2049
4779
2559
2585
2561
2562
2563
2564
1810
2566
989
2568
2569
2570
2571
2572
2573
2574
2575
2576
2577
2578
2579
2580
2581
2582
2583
2584
3194
2586
2587
2588
2589
2832
5124
2592
2593
2594
2595
1907
2597
2598
5241
4025
2601
2602
2603
2604
2605
2606
2607
2608
5809
2610
2611
2612
2613
1866
2615
2616
2617
2618
2619
2620
2621
4999
2623
2624
2625
2626
2627
668
2694
2630
2631
2632
2633
2634
2635
2636
2547
2638
100
2640
3839
2642
2643
2644
2645
2646
2647
2648
2649
2650
2651
2652
2653
2654
2655
1544
2657
2658
2659
2660
5619
1910
2663
2664
2665
2666
2667
2668
2669
2670
2671
2672
2673
2674
2675
2676
2677
3006
2679
2680
386
2682
2683
2684
2685
2686
2687
2688
5467
2690
3854
2692
2693
2629
2695
5969
2697
2698
2699
2700
2701
2702
2703
2704
2705
2706
2707
2708
2709
2710
2711
3548
2713
2714
2715
2716
2717
2718
2719
2720
2721
1618
2723
2724
2725
2726
2727
2728
2729
2730
2731
2732
2733
2734
2735
2736
2737
2738
2739
2740
2741
2742
368
3247
2745
2746
2747
2748
2749
2750
3205
2752
3107
75
2755
2756
2757
2758
2759
2760
2761
2762
2763
2764
736
2766
2767
2768
2769
1554
2771
2772
2773
2774
3303
2776
2777
2778
2779
1791
4690
2782
2783
2784
2785
2786
2787
2788
2789
2790
2791
2792
2793
2794
1111
2796
545
2798
2799
2800
2801
2802
2803
2804
2805
2806
3046
2808
2809
2810
2338
2812
2813
2814
2815
2816
2817
2818
2819
2820
2821
2822
2823
2824
3865
2826
2827
3594
1849
2830
2831
2590
3399
3801
2835
5413
2837
2838
2839
2840
2210
3776
2843
2013
2845
2846
2847
1718
2849
2850
2851
2852
776
2854
2855
2856
2857
2858
2859
2860
2861
2862
5848
2864
2865
2866
2867
2868
2869
2870
2871
2872
2873
2016
2875
2876
2877
2878
4746
3278
2881
2882
2883
2884
590
5937
5322
2888
2889
2890
2891
2892
2893
2894
2895
2896
2897
1667
2899
2900
2901
2902
2903
2904
2905
2906
2907
2908
2008
2910
2911
2912
1968
2914
5234
5389
3674
2918
2919
2920
2921
2922
2923
4971
2925
2312
2927
2928
2929
2930
5990
4180
3744
2934
2935
5529
2937
2938
2939
2940
2941
2942
2943
5428
2945
2946
2947
2948
2949
2950
2951
1758
2953
2954
2955
2956
2957
2511
2959
2960
2961
2962
2963
2964
1612
2966
2967
1297
2641
2970
2971
2972
2973
2974
2975
2976
2977
2978
2979
2980
2981
2982
2983
2984
2985
2986
2987
2988
2989
2990
2991
4395
2993
2994
2995
2996
2997
2998
2999
3000
3001
4558
3003
3004
3005
2678
3844
3008
3009
3010
3347
3012
3013
3014
3015
3016
3017
3018
3019
3020
3021
3022
4962
3024
3025
3026
5853
3028
3029
3030
5386
3032
3033
3034
3035
700
3037
2916
3151
3040
3041
3042
3043
3044
3045
2807
3047
3048
3049
3050
3051
3052
2070
3054
1311
3056
3057
3058
3059
3060
3061
359
3063
3064
3065
3066
3067
2487
4694
3070
3940
3072
3073
237
3075
3076
798
3078
3079
3080
3081
3082
3083
3084
4665
3558
3087
3088
5770
3090
3091
3092
4198
3094
3095
3096
3097
4684
3099
3100
3101
3102
3103
3104
24
3106
2753
3108
3109
3110
3111
3112
1989
4622
3115
3116
3117
3118
3119
3120
3121
3122
3123
3124
3125
3126
3127
3128
3129
3130
3131
3132
3133
3134
3153
3136
4131
3138
3139
3140
3141
3142
3143
2101
3145
3146
3147
3148
1937
4783
3343
3152
3135
1646
3155
3156
3157
3158
3159
3160
3161
4561
3163
3164
3165
3166
3167
3168
3169
3170
3171
3172
3173
3174
3175
3176
3177
3178
3179
3180
4441
3182
3183
3184
3185
3186
3187
3188
3189
3190
1661
3192
3193
2560
3596
3196
3197
3198
3199
4230
3201
3202
3203
3204
2751
592
3207
3208
3209
3210
3211
3212
3213
1367
3215
3216
3217
3218
3219
3220
3221
3222
3223
5388
3225
3226
3227
3228
2213
3230
3231
3232
3498
958
3235
3236
3237
3238
4984
3240
3241
3242
3243
3244
3245
3246
2744
3248
3249
3250
3251
3252
3253
3254
3255
3256
3257
3258
3259
3260
3261
3262
3263
3264
4239
3266
3267
3268
3269
3270
4145
3272
3273
4851
3275
3276
3277
2880
3279
3280
3281
3282
3283
3284
3285
3286
3287
1159
3289
3290
3291
3292
3293
3294
3295
3296
3297
3298
3299
3300
3301
3302
5237
3304
4347
3306
3307
3308
3309
3310
3311
3344
3313
3314
3315
3316
3317
3318
3319
3320
3321
3322
3323
3324
3325
3326
3327
3328
3329
3330
3331
4409
3333
3334
3335
3336
3337
3338
258
3340
3341
3342
3039
3312
3345
3346
3011
3348
3349
5441
3351
3352
3353
3354
3355
4743
3357
3358
4043
3360
3361
3362
3363
3364
3365
3366
3367
3368
3369
3370
3371
3372
3373
3374
3375
1354
896
4403
3379
3380
1151
3382
3383
3384
347
3386
3387
3388
3274
1030
3893
3392
3393
3394
3395
3396
3397
3398
5359
3400
3401
3402
3403
3404
3405
3406
3407
3408
4836
3410
3411
5565
5225
3414
4258
3416
2691
431
3419
3420
3421
3422
3423
3424
3425
513
4345
3428
3429
3430
3431
3432
3433
3434
3435
3436
3437
3438
3439
3440
3441
3442
3443
3444
3445
3446
3447
3448
3449
3450
3451
3452
3453
5824
3455
3456
3457
3458
3459
4300
3461
3462
3463
3464
3465
3466
3467
3468
3469
4692
3471
3472
3473
3474
555
3476
3477
3478
3479
3480
3481
3482
3483
2303
3485
3486
3487
3488
3489
4816
3491
3492
3493
3494
3495
3496
3497
3233
3499
3500
3501
3502
3503
3504
5176
3506
3507
3508
3509
3510
4096
3512
3513
3514
3515
3516
3823
3518
3519
3520
3561
3522
3523
3524
3525
3526
3527
3062
3529
3530
3531
3532
3533
3534
3535
3536
3537
3538
3539
3540
3541
3542
3543
3544
3545
3546
3547
5563
3549
3550
2436
3552
3553
3554
1388
4662
3557
3086
3559
3560
5192
3562
3563
3564
3565
3566
285
3568
3569
3570
4974
3572
3573
3574
3575
3576
3577
5088
1117
1214
3581
3582
3583
3584
3585
3586
3587
3588
2469
4646
3591
3592
3593
2828
3595
3195
1128
3598
3599
3600
3954
5024
3603
3604
3605
3606
3607
3608
3609
4915
3611
5562
3613
3614
3615
3616
3617
5603
3619
3620
3621
5472
3623
3624
3625
3626
3627
3628
3629
3630
3631
3653
3633
4350
3635
3636
576
3638
3639
3640
3641
2302
3643
3644
3645
3646
3647
3648
3649
1539
3651
3652
3632
3654
3655
3656
3657
3658
3659
3660
3661
3662
3663
3664
3665
3666
3667
3668
3669
3670
3671
63
3673
2917
3675
2158
3677
3678
3679
3680
1028
3682
3936
3684
3685
3686
3687
1236
3689
3690
3691
3692
5938
3694
3695
3696
3697
5984
3699
3700
3701
3702
3703
3704
3705
3706
584
3708
3709
3710
3711
3712
3713
3714
3715
3716
3717
3718
3719
3720
4222
3722
3723
3724
3725
3726
3426
3728
3729
3730
493
3951
3733
1501
3735
3736
3737
5996
3739
3740
3741
3742
1208
3862
3745
3746
3747
3748
23
1676
3751
3752
3753
3754
4756
3756
3757
1289
2280
3760
3761
3762
3763
3764
3765
3766
3767
3768
3769
3770
3771
3772
3773
4966
3775
4722
3777
2227
3779
3780
3781
3782
3783
391
3785
3786
3787
3788
3789
3790
3791
3792
3793
3794
3795
3796
3797
3798
3799
3800
2834
3802
3803
3804
3805
3806
3807
3808
1824
3810
3811
3812
5267
3814
3815
3816
3817
3818
3819
1900
3821
4332
3517
1492
3825
3826
3827
3828
3829
3830
3831
3832
3833
3834
3835
3836
3837
3838
2969
3840
3841
3842
3843
3007
3845
3846
3847
3848
4314
3850
3851
3852
3853
5376
131
3856
3857
3858
3859
3860
3861
2933
334
3864
4046
3866
3867
3868
268
841
3871
3872
3873
3874
3875
3876
5437
3878
5948
3880
3881
3882
3883
3884
3885
5224
3887
3888
3889
3890
104
3892
3391
3894
3895
3896
3897
3898
3899
3900
3901
2496
3903
3904
3905
3906
3907
3908
3909
3910
3911
3912
3913
3914
3915
3916
3917
3918
3919
3920
3921
3922
3923
3924
1813
3926
3927
5733
3929
3930
3931
3932
3933
3934
3935
3683
2309
3938
3939
3071
3941
3942
5419
2447
3945
1435
817
3948
3949
3950
3732
3952
5684
3601
3955
3956
3957
192
3959
3960
3961
3962
3963
3964
3965
3966
3967
3968
3969
3970
3971
3972
3973
3974
4242
3976
3977
3978
3979
3980
3981
4630
1581
3984
3985
3986
3987
3988
3989
3990
3991
3992
5134
3994
3995
3996
2185
3998
3999
4000
4001
4002
4003
4004
4005
4006
4007
4008
4009
5854
4011
4012
4013
4014
4015
4016
5268
4018
4850
4020
4021
4022
4023
4024
2600
4026
4027
4028
1942
4030
4031
4032
3105
4034
4035
4036
4037
4038
4039
4040
5306
4042
203
4044
1361
5410
4047
4048
4049
4050
4051
5097
4053
4054
4055
4056
900
4058
4059
4060
4061
4062
4063
4064
4065
4066
4067
4068
4069
4070
4071
4072
4073
853
4075
4076
4077
4078
4338
4080
4081
4082
4083
4084
4085
4086
4087
4088
4089
4090
4091
4092
4093
1079
4095
3511
4097
4098
4099
4100
4101
4102
4103
4104
4105
4106
4107
4108
4109
4110
4111
39
4113
4114
4115
5420
4117
1666
4119
4462
4121
726
4123
4124
4125
4126
4127
4128
4129
4130
4798
4132
2021
1913
4135
4136
4137
4138
4139
4140
4141
4142
4143
4144
3271
4876
5195
4148
4149
4150
4151
4152
4153
4154
4155
4156
4157
4158
4159
4160
4161
4162
4163
4164
4165
4166
4167
4168
4169
4170
4171
4172
4173
4174
4175
4176
4177
4178
4179
2932
4181
4182
4183
4184
4185
1077
4187
4188
4189
4190
4191
4192
4193
4194
4195
4196
4197
3093
4199
4200
1956
4202
4203
4204
4205
4206
4207
5962
4209
4210
4211
4212
4213
4214
4215
4216
4217
4218
1686
4220
4221
305
4223
4224
4225
4226
4227
4228
4229
3200
650
4232
4233
4234
4235
4236
4237
544
3265
4240
4241
3975
4243
4244
4245
4246
4247
4248
4249
4250
2510
4252
4253
3191
4255
4256
4257
3415
4259
4260
4261
4262
4263
4264
4265
4266
3484
4268
196
1291
4271
4272
4273
4274
5007
4276
4277
679
4279
823
5601
4282
2442
4284
4285
4286
4287
4288
4289
4290
4291
4292
4293
2393
4295
4296
4297
4298
4299
3460
4301
1365
4303
4304
4305
4306
4307
4308
4309
2365
4311
4312
4313
3849
4315
4316
4317
4318
4319
4320
4321
5457
4323
4324
4325
4326
4327
4328
4329
4330
4331
3822
4333
4334
4335
4336
4337
4079
4339
394
4341
4342
5896
5983
3427
167
3305
2050
4349
3634
4351
4352
4353
4354
4355
4356
1782
4358
4359
4360
4361
4362
4363
4364
4365
4366
4367
4368
4369
4370
4371
4372
4373
4374
4375
4376
4377
4378
4379
4380
4381
4382
985
4384
4385
5409
282
4388
4389
4390
4391
4392
5086
739
2992
4396
4397
4398
4399
4400
4401
4402
3378
4404
4405
4406
4407
4408
3332
4410
4411
4412
4413
4414
4415
480
4417
4418
5181
4420
4421
4422
4423
4424
4425
4426
4427
4428
4429
4430
5074
4432
4433
4434
4435
1826
4437
4438
4439
1100
3181
4442
759
4444
4445
4446
4447
4448
4449
4450
4451
4452
4453
4454
4455
4456
4457
4458
4459
4460
4461
4120
4463
4464
4465
4466
4467
4468
4469
4470
4471
4472
514
4474
4475
4476
4477
4478
4479
4480
659
5807
4483
4484
4485
4486
4487
4488
4489
4490
4491
4817
4493
4494
4495
4496
4497
4498
4499
4500
4501
4502
4503
4504
4505
4506
4507
4508
4509
4510
4511
4512
4513
4514
4515
4516
4517
4518
4519
4520
4521
4522
4523
4524
4525
4526
4527
4528
4529
4530
4531
4532
4533
4534
4535
4536
4537
4538
4539
4540
4541
4542
4543
4544
4545
4546
4547
4548
4549
5107
4551
4552
4553
4554
4555
4556
4557
3002
4559
4560
3162
4562
4563
4564
4565
5525
4567
4568
4569
4570
4571
4572
4573
4574
4575
4576
4577
4578
4579
4580
4581
4582
4583
4584
4585
4586
4587
4588
883
4590
4591
4592
4593
2936
4595
5636
4597
4598
4599
4600
4601
2339
4603
4604
4605
4606
4607
4608
4609
902
4611
4612
4613
4614
4615
4616
4617
4618
4619
4620
4621
3114
4623
4624
4625
4626
1875
4628
227
3982
4631
4632
4633
4634
4635
4636
4637
4638
4639
4640
4641
4642
4643
4644
4645
3590
4647
1528
4649
4650
4651
4652
4744
4654
4655
4656
4657
4658
4659
4660
5084
3556
4663
4664
3085
1971
4667
5980
4669
4670
4671
4672
4673
4763
4675
4676
3098
4678
4679
4680
4681
4682
4683
4677
4685
5646
4687
4688
4689
2781
4691
3470
365
3069
4695
4696
4697
4698
4699
4700
4701
4702
4703
4704
4705
4706
4707
4708
4709
4710
5541
4712
4713
4714
1102
1960
4717
4718
4719
4720
4721
4133
2065
4724
4725
4726
4727
4728
4729
4730
5720
4732
1300
4734
523
4736
4737
4738
4739
4740
4741
4742
3356
4653
5447
2879
4747
4748
4749
4750
5701
259
4753
4754
4755
3755
4757
5900
4759
4760
4761
4762
4674
4764
4765
4766
4767
4768
4769
4770
4771
4772
4773
4774
4775
4776
4777
4778
2558
4780
4781
4782
5229
4784
4785
4786
4787
163
376
4790
4791
4792
4793
4794
4795
4796
4797
3137
4799
1841
4801
2047
5789
4804
789
4806
4807
4808
436
4810
4811
4812
4813
4814
4815
3490
4492
4818
4819
4820
5871
4822
4823
4824
4825
4826
1238
4828
4829
4830
4831
5539
4833
4834
4835
3409
4837
4838
4839
1974
4841
4842
4843
4844
3074
4846
4847
4848
4849
4019
3389
4852
4853
4854
4855
4856
4857
4858
4859
4860
4861
4862
4863
4864
4865
4866
4867
4868
4869
4870
4871
4872
4873
2326
4875
4146
4877
4878
4879
4880
4881
4882
5812
4884
4885
4886
4887
4888
4889
4890
4891
4892
4893
4894
4895
4896
4897
5023
4899
4900
4901
4902
4903
4904
69
5944
4907
4908
4909
4910
4911
4912
4913
4914
3610
4916
4917
4918
4919
4920
4921
4922
4923
2544
4925
4926
4927
4928
4929
4930
4931
4932
4933
4934
4935
1630
4937
4938
4939
4940
4941
4942
4943
4944
4945
4946
4947
4948
4949
4950
4951
4952
4953
4954
4955
4956
4957
4958
4959
4960
4961
3023
4963
4964
4965
3774
4967
4968
4969
4970
2924
4972
4973
3571
4975
4976
4977
4978
4979
4980
4981
4982
4983
3239
4985
4986
4987
4988
4989
4990
4991
4992
4993
4994
4995
4996
4997
1820
2622
5000
5001
5002
5003
5004
5005
5006
4275
404
1172
5403
5011
5012
5013
5014
5015
5016
2028
5018
5019
5020
5346
5022
4898
3602
5025
5026
5027
5028
5029
5030
5031
5032
5033
5034
5035
1662
5037
1586
5039
5040
5041
5042
5043
554
5045
5046
5047
5048
5049
5050
5051
5052
2316
5054
5055
5056
2248
5058
5059
5060
5061
5062
893
5064
5065
5066
5067
5068
5069
5070
5071
5072
5073
4431
5075
5076
5077
5078
5079
5080
5081
5082
5083
4661
5085
4393
5087
3578
5089
5090
5091
5092
5093
5094
1933
5096
4052
5098
5099
5100
5101
5102
5103
839
5105
5106
4550
5108
5109
5110
5111
5112
5113
2232
5115
5116
5117
5118
5119
5120
5121
916
5123
2591
5125
5126
5127
3149
1727
5130
5131
5132
5133
3993
5135
5136
5137
5138
5139
5140
5141
5142
5143
5144
5145
5146
5147
5148
5149
5150
5151
5152
5153
5154
5155
5156
5157
5158
5159
5160
5161
5162
5163
5164
5165
5166
5167
5168
5169
5170
5171
5172
5173
5174
5175
3505
5177
5178
2097
2100
2372
5182
5183
5184
5185
5186
5187
5188
5189
5190
5191
3521
5193
5194
4147
5196
5197
5198
2384
5200
5201
5202
1031
5204
1844
5206
1636
5208
5209
5210
5211
527
5213
5214
5215
5216
5217
5218
1613
5220
5221
5222
5223
3886
3413
5226
5227
5228
3150
4809
5231
5232
5233
1638
5235
5236
2775
5238
5239
5240
2599
2885
5243
5244
5245
5246
5247
5248
5249
5250
5251
5252
5253
5254
5255
5256
5257
5258
5259
5260
5261
5262
5263
5264
5265
5266
3813
4017
5431
5342
5271
5272
5273
5274
5275
5276
5277
5278
5279
5280
5281
5282
5283
5284
5285
5286
5287
5288
5289
5290
5291
5292
5293
5294
2002
5296
5297
5298
5299
5300
5301
5302
5303
5304
5305
4041
5307
5308
5309
5310
5311
5312
5313
5314
5315
5316
5317
5318
5319
2489
5321
2887
5323
5324
5325
5326
5327
5328
5329
5889
5331
5332
5333
2402
5335
2490
5337
5338
5339
5340
5341
5270
4394
5344
5345
5021
2420
5348
5349
5350
4594
5352
5353
328
1163
5356
5919
5358
2833
5360
2300
5362
5363
5364
5365
1679
5367
5368
5369
5370
5371
5372
5373
5374
1685
3417
5377
5378
5379
5380
5381
5382
5383
5384
5385
1854
5387
3224
3038
5390
5391
5392
5393
5394
5395
5396
5397
5398
5399
5400
5401
5402
5010
173
5405
5406
5407
5408
4386
2825
5411
5412
2836
5414
5415
40
5417
5418
3943
1858
5421
5422
5423
5424
5425
5426
5427
475
5429
5430
5269
5432
2412
5434
5435
5436
3877
5438
5439
5440
3350
5442
5443
5444
5445
70
4745
5448
5449
5450
5451
5452
5453
5454
5455
5456
4322
5458
5459
5598
5461
5462
5463
5464
5465
5466
2689
5468
5469
5470
5471
3622
5473
5474
5475
5476
5477
5478
5721
5480
5481
5482
5483
5484
5485
5486
5487
5488
5489
5490
5491
5492
5493
5494
5495
5496
5497
5498
5499
5500
5501
5502
5503
5504
5505
5506
5507
5508
5509
1027
5511
5512
5513
1803
5515
5516
3528
5518
5519
5520
5521
5522
904
5524
4566
5526
5527
5104
5351
5530
5531
5532
5533
5534
5535
5536
5537
5538
4832
5540
4711
5542
5543
5544
5545
2351
5547
1869
5549
5986
5551
5552
5553
5554
5555
5556
5557
5558
5559
5560
5561
3612
2712
5564
3412
5566
5567
5568
5569
5570
5571
5572
5573
5574
5575
5576
5577
5578
199
322
5581
5582
5583
5584
5585
5586
1206
5588
2167
5590
570
2129
5593
5594
5595
5596
5597
5460
5599
5600
4281
5602
2194
5756
5605
5606
5607
5608
5609
5610
5611
5612
5613
5614
5615
5616
5617
5618
2661
5620
1370
5622
5623
5122
5625
5626
5627
5628
5629
1861
5631
5632
1114
5634
5635
4596
5637
1950
5639
5640
5641
5642
5643
5644
1919
4686
5647
5648
5649
5650
5651
5652
5653
5654
5655
5656
703
5658
5659
684
5661
5662
5663
799
5665
5666
5667
5668
5669
5670
5671
5672
5673
5674
1459
5676
5677
5678
5679
5680
5681
5682
5683
5354
5685
5686
609
5688
5689
5690
5828
5692
5693
5694
5695
5696
5697
5698
5699
162
4751
4436
5703
5704
5705
1487
5707
5708
5709
5710
5711
982
1259
5714
5715
1018
5717
5718
5719
4731
5479
5722
5723
5724
5725
5729
5727
4610
5726
5730
5731
5732
3928
5734
5735
5736
5737
5738
5739
5740
2456
5742
5743
5744
5745
5746
5747
5748
5749
5750
5751
5752
5753
5754
5755
37
5757
5758
5759
5760
435
5762
5763
5764
5765
5766
5767
1450
5769
3089
5771
5772
5773
5774
5775
5776
5777
5778
5779
5780
4715
5782
5783
5784
5785
5786
1994
5788
4803
5790
5791
4936
5793
5794
5795
5796
5797
5798
5799
5800
5801
5802
5357
5804
5805
366
4482
5808
210
5810
5811
4883
5813
5814
5815
1992
5817
5818
5819
5820
826
5822
5823
3454
5825
5826
5827
5691
5829
5830
5831
5832
5833
5834
5835
5836
5837
5838
5839
5840
5841
5842
5843
2848
5845
5846
5847
2863
5849
5850
5851
5852
3027
4010
5855
967
5857
5858
5859
5860
5861
5862
5863
5864
5936
1279
5867
5868
5869
5870
4821
5872
5873
5874
5875
5876
5877
5878
5879
197
978
5882
486
1228
5885
5886
5887
5888
5330
5890
5891
5892
5893
5894
5895
4343
5897
5898
5899
4758
5901
5902
5903
1215
5905
5906
5907
5908
5909
5910
5911
957
5913
5914
5915
5916
5917
5918
3551
5920
5921
5922
5923
5924
5925
5926
5927
5928
5929
5930
5931
5932
5933
5934
5935
5865
2886
3693
5939
5940
5941
5942
5943
4906
5945
5946
5947
3879
5949
5950
5951
5952
290
5954
5955
5956
5957
5958
5959
861
5961
4208
5963
5964
5965
5966
5967
5968
2696
5970
5971
5972
5973
5974
5975
5976
5977
5978
5979
4668
5981
5982
4344
3698
5985
5550
4340
5988
5989
2931
5991
5992
5993
5994
2175
3738
5997
5998
5999
