4618
641
4530
1795
5893
4086
1954
4741
1247
3803
151
3377
2785
1590
3433
4990
3467
4292
4429
2651
3856
5155
1213
5040
2211
219
2666
3272
3399
5581
2405
4706
3082
4936
1565
473
4282
980
4728
1424
2682
2307
5657
1122
2510
3590
5715
156
4077
2789
4141
5183
5583
5685
2465
2544
2509
5084
5538
4023
3566
1676
4807
2475
1748
5528
699
3094
5391
782
2337
2760
1914
4220
4030
283
2323
1318
4594
429
5998
1570
677
4396
1579
4394
2869
2864
3535
2044
5569
3555
4576
3394
650
1762
4776
4374
4334
5838
1606
1758
823
1808
157
4263
4470
3917
3197
2846
5061
228
4520
845
1785
135
1474
4383
5166
4442
4307
5474
1221
5411
4549
2512
5620
2146
4603
1458
3624
4992
3108
3163
912
5567
804
2460
1317
2114
5962
1203
1292
145
2216
4171
5121
4648
1508
1487
2391
4682
617
3802
3666
3711
4328
2695
5796
2353
5354
642
3103
2949
1928
5320
3602
4183
5733
5372
2131
2523
4412
4747
2723
4942
1698
5787
4350
4293
590
3471
2866
3294
1132
4771
2719
1607
1620
1357
4063
1103
5420
4380
4760
5027
3397
5869
232
3041
137
2038
4359
1245
2484
3230
5682
2034
3283
879
5773
4826
227
1767
177
4113
1829
133
649
49
3302
3268
2155
3135
5873
4571
5255
5612
3451
4544
2183
1658
897
2029
3019
2069
2212
163
201
2063
3149
2827
1457
5399
1937
242
1094
4227
5170
5322
4149
5468
908
2903
4545
3310
5467
5963
4511
3179
2274
1376
2492
1823
2784
5215
4058
556
2932
2988
1588
1980
5622
3764
4587
1085
4736
3564
3954
3582
1908
490
5827
5461
4777
4433
752
4863
5782
1271
5319
4061
2221
1182
1300
3548
3279
615
2503
4468
4954
616
5786
4758
3050
85
5004
2794
3898
4611
2609
4492
5318
5995
3923
4037
722
65
44
2081
4665
743
2540
4193
2987
2177
1453
528
1187
4335
939
3908
2401
2595
3210
515
1299
212
4666
2608
4500
2246
1669
1146
3713
1259
4234
4225
1526
3921
3805
3750
384
215
5192
2747
3448
2691
3226
3022
5324
1391
5864
1536
2831
2620
3560
4399
913
1632
1851
5046
1522
658
5330
76
1106
4439
71
2374
5727
509
4725
2404
138
1366
666
264
2771
2411
4395
2463
2421
3905
5456
5161
4184
5788
210
3968
3256
4195
4872
5449
1734
1015
665
4143
4325
2007
664
1753
5413
4902
4341
2693
1966
2561
2143
1575
2830
467
3075
34
2334
5980
1467
2501
3165
102
972
2083
5110
1941
4755
3077
2539
3998
2200
4679
1243
1114
566
4685
860
3217
4387
2804
3195
5642
3593
1625
5347
2791
1962
62
3511
2066
2310
4694
3492
5842
1732
1421
5643
3769
2762
1422
5134
203
4684
2993
2893
1652
3638
4210
1603
520
3481
5374
2233
5014
4894
5546
5363
3402
4591
3542
1151
1267
5273
4752
1907
5954
1567
2551
5398
5402
1468
1759
3013
5684
1108
1443
1024
5863
4984
4978
3965
2194
195
4521
3133
3592
583
3132
1943
4130
1407
5619
4951
1192
1359
2956
5854
5090
5223
633
2295
2452
5780
1988
3030
2206
1644
920
964
4579
2535
4028
200
2187
2284
3375
1174
634
460
21
787
4153
4801
5303
1643
2373
4249
2579
635
290
676
5698
2298
2743
728
2311
3850
2244
107
4241
1440
5951
400
3912
771
2152
4991
2881
4262
5543
3450
4630
1126
735
4797
4621
5835
3320
2393
5990
4154
5884
3200
2596
2263
5651
2094
4257
2302
2906
5405
1686
4822
4029
932
4173
3889
4336
619
1938
4364
1879
2381
2125
5886
3116
1480
3266
3918
5696
84
2384
5081
652
3922
3815
5078
2184
876
2017
2659
4384
521
5315
2675
4673
1115
1784
125
5288
3240
3966
2646
499
1648
1716
2868
4129
2157
5290
5638
4140
5295
5578
5003
2592
169
5821
2798
2370
4167
3154
269
5633
3636
2276
1316
710
2336
267
603
2999
5463
5563
2979
3386
3913
1029
991
2883
2371
164
3241
2179
4870
1853
2117
1304
2040
2829
1984
5686
4323
3897
5291
916
1223
5726
5557
352
2641
30
1547
821
3516
2014
671
4159
5477
1209
2581
279
2275
4700
659
4757
1444
4514
3754
3419
4506
1541
3473
1744
4788
3839
502
5637
5006
5153
5640
5925
5748
756
3442
260
3783
2658
4590
3400
1738
5422
873
5154
5181
1770
134
1615
2397
3129
2946
817
2727
963
2826
446
213
1239
4115
4623
5940
2792
1880
5917
957
4629
2456
1862
1050
2875
2438
4566
1518
5506
1781
3055
1336
3308
174
5623
1982
1963
1520
1840
2348
4709
4142
4463
409
2164
3610
5236
4509
3309
3798
4192
1075
5859
2729
4362
2189
2296
1408
884
2149
4809
3078
2490
1098
503
3845
5825
2313
639
524
2571
903
3963
353
1618
2445
3002
5785
3177
5353
596
5935
2416
2657
5254
3521
4572
3687
2607
2259
1722
2338
1595
5064
1604
3910
5127
2436
1869
1969
2013
5687
1549
2024
1052
569
2788
5483
1082
4457
683
4654
1428
376
5600
907
3873
5937
2453
1822
178
53
3087
496
5756
2737
548
4349
2880
2124
1393
2074
4277
3714
5518
5646
5200
5209
2793
2354
2911
3562
4146
2320
2161
1041
4800
840
1568
4567
5455
5885
2733
598
5983
4647
3114
386
1034
4569
4525
3482
1179
1873
4019
1688
2426
455
2557
996
3609
56
399
2623
4896
258
355
3054
5233
3604
1277
3543
5379
1735
4838
2591
523
5339
2689
3443
2970
2748
2440
624
4430
2223
773
572
4165
24
3520
4052
2239
4574
5369
5092
5570
5667
3946
1729
3938
668
5147
5342
3201
5478
3951
5100
4642
2669
814
4440
2982
3189
3647
5915
4644
5784
3642
3277
2203
1656
3478
1972
5129
662
5074
2775
4965
5101
4152
2983
4498
557
1902
1232
3236
1190
930
5341
4798
5132
2648
5823
1961
660
901
481
4763
803
141
4389
4082
1989
4256
4912
661
5052
1898
4602
273
3974
5030
1147
3709
1310
1076
3665
794
2962
489
4194
5496
5723
2755
5007
3705
1495
5508
397
2486
1222
1321
3672
3936
3161
4645
2552
4453
3549
3989
5678
4730
675
4596
1724
1461
1185
829
4250
1158
4219
4626
4196
1675
540
622
3429
1210
4659
2761
2215
1612
302
3424
25
494
3253
909
3893
1915
1486
5088
500
769
1003
1878
3702
5815
4381
2546
4329
332
3550
1364
2064
3208
1298
938
5423
971
4297
1302
5270
4680
5231
5924
5217
3186
1111
3768
5750
3290
4073
333
1481
340
5380
4125
914
4812
3474
1564
3370
3679
1261
361
3996
3676
3644
1997
4917
1189
1561
2479
3826
5415
3773
161
807
1516
2350
1694
338
2398
1842
1070
4438
5739
3438
27
3825
2889
5969
4853
3052
4480
3269
2777
1830
4767
1780
1244
4761
5816
4981
5457
5334
5357
4189
4289
904
1710
3167
5874
1524
5892
2195
4723
217
5550
59
4253
3118
5779
5522
482
1215
3100
229
3462
507
5440
1545
2744
3945
755
4330
3558
1801
5848
3607
4240
854
3487
1934
4727
955
3115
1326
601
2933
202
4354
2820
239
1291
2917
5824
934
1333
5364
5793
697
1664
1679
4136
2346
2419
1141
1133
1960
2942
2814
5296
582
4327
1315
3707
1807
2505
3821
73
740
1821
4529
5548
2361
1971
3779
4764
4303
2927
990
529
1237
1249
2382
2237
1587
5325
3097
1836
3293
4672
5681
1325
1186
316
4187
3316
4258
5565
1523
1952
1065
5807
5714
3748
3306
2115
2643
4927
3322
3313
370
3376
5644
607
221
1116
5774
3083
2495
5936
857
1835
1432
3539
4976
1639
3058
4911
3650
1279
4612
3696
5294
3183
1637
846
798
2
4855
5017
3877
4015
2432
4459
1764
974
2520
5656
4268
2822
647
5890
1459
4593
5959
3594
2188
943
51
425
5424
1566
23
761
4599
16
5584
1167
3786
871
3297
3305
5488
1387
3793
959
2251
1308
126
3456
3681
1197
4285
3496
4516
2892
111
5201
1200
4910
753
5091
3403
1033
2944
1328
2056
809
5919
3011
363
4519
4570
395
3234
5072
4448
246
1394
2111
5275
2698
5125
1629
1927
2331
992
4832
621
2712
1967
4296
5329
1953
1550
3345
2703
1635
1229
1985
1849
5994
1340
3288
304
184
4610
3689
5386
4756
2123
1818
5218
3168
3446
5020
4818
5527
1806
5932
3928
638
254
4199
1965
3848
906
767
4533
877
4641
859
949
667
50
2786
919
5454
5062
4731
4207
3785
4419
4739
93
3004
925
4299
5617
3595
4980
445
4963
2538
5086
1576
1293
2489
705
4703
3388
4651
4363
5955
1107
5116
82
2470
1078
2835
2482
4922
4003
5587
952
5634
3823
374
4348
4254
1473
3961
8
4301
3393
2147
2487
2170
3360
5540
4431
4735
3426
2978
585
1235
4302
5433
2319
1521
3909
5484
469
4940
2925
3418
4787
2428
3761
1329
5430
253
491
4982
3658
1872
5989
2954
5226
4441
1670
1227
2508
4099
1303
3304
4446
2633
646
5691
5054
3047
3723
1026
1165
3860
995
1871
4561
5993
5133
3980
5912
3139
3459
917
1434
3911
3343
270
3863
1226
3395
2995
4259
944
2153
2476
4456
570
4552
3287
3243
234
5470
1419
5724
115
5434
4056
5495
486
5764
954
5247
4695
1530
2938
1650
4878
4312
2924
4677
1817
417
2488
5819
5503
514
1296
4819
94
4710
5095
2003
3150
4375
4535
2656
4418
5038
1164
5220
3070
112
5946
5862
2072
2937
4378
1278
2092
4221
1548
288
1368
5950
1436
1525
1876
1654
4417
2855
5673
287
1374
2989
5332
727
3476
1527
5972
827
375
3712
1450
3057
816
4815
182
5171
5307
3536
4279
5525
3335
3977
4224
2496
820
1475
898
1905
4573
3049
5832
4347
4391
1113
1119
960
369
1715
4059
464
1028
1283
2023
2030
1671
4047
3939
2800
5216
778
408
1073
2291
226
3366
3557
1216
4481
3385
3907
1881
4344
2686
2139
4108
531
144
413
1054
2425
1792
5517
5297
1430
5880
1893
5879
46
4278
5388
2473
2930
2205
5048
3745
155
3028
2261
3383
5754
2026
2687
5888
3584
2876
5870
1138
538
3881
1263
5831
1499
984
692
3668
3995
5857
4228
5250
2631
4098
3799
3632
4504
312
142
185
181
2201
1955
1172
2553
874
4849
731
3408
480
4636
2116
3660
2089
4907
97
5497
3732
4016
2144
5822
3061
3605
4687
3554
1709
4584
5384
1510
4069
2015
5298
3357
847
4013
2256
4949
1354
4929
2957
4078
2169
1501
987
2702
4478
5877
116
5023
3892
3174
3999
586
4252
1346
15
1655
2052
5472
1218
3152
3780
4828
5368
3646
2408
5376
1488
1559
4996
2590
3164
3222
593
760
4754
3291
3933
2098
3903
4306
2756
3847
4875
4229
263
4191
3221
3484
3173
2730
252
3466
4428
1018
2240
2102
3990
2797
4035
5596
5849
284
5520
5333
1703
2006
4109
4479
2525
5105
4925
1864
3751
1899
2071
1305
2563
2485
1883
2130
3009
3577
1895
3180
4213
910
3373
5371
5087
2976
1790
1385
4305
2898
2207
4426
1556
1517
423
724
2661
4393
4814
4185
60
2186
4792
4120
3187
2606
4503
1743
220
1760
894
985
2214
5571
3598
1816
4236
2447
4507
3447
2790
5163
3416
1286
4605
4580
2807
3147
78
2770
4477
1173
66
2860
5068
3978
1651
4283
2974
5313
1288
2728
1074
5616
348
5373
1281
5960
3430
1573
5317
152
2182
1127
2871
3193
1038
5944
1555
1626
2213
5544
5524
3445
3333
2897
1802
3361
864
1866
237
4588
4947
19
1552
5446
4452
3581
131
552
2360
1131
3348
4425
776
5975
3949
5594
4785
5966
3434
4127
4829
430
3880
2711
3706
4540
1910
2799
5519
3109
5239
4281
2549
5439
880
4964
5573
1560
4117
3435
4969
2099
3420
4128
2805
330
2345
4233
4542
2740
5828
5117
2285
5465
3991
3027
4454
3724
3312
5400
5012
2673
2459
5704
2349
5366
2815
236
3855
5934
2282
5058
2697
1272
3599
2613
3753
1708
1309
4267
5356
4869
4017
770
2403
3531
1009
2118
5248
4766
426
911
2033
5929
4111
2245
2041
1423
5731
3816
869
680
532
4339
5021
5346
2060
5628
2796
1777
3527
75
504
1170
5077
2840
792
588
1580
3081
1383
4712
3056
1746
1265
1844
191
4691
2567
2565
1890
39
852
3495
5
5093
3567
5036
2718
113
2759
4025
2589
3406
1714
197
5711
4614
4956
2309
3296
2642
2614
4977
889
4147
1786
786
3414
3507
2287
3198
5765
2652
1696
2076
2442
1367
3703
5671
822
2332
2269
5800
2701
391
3680
653
3620
5151
5847
2941
1236
3031
4548
516
105
295
1697
2845
575
4022
3014
2324
4018
2910
5162
4786
5343
5316
2746
508
2389
2254
4704
2053
3515
2865
1395
4562
3251
1047
1231
26
4280
3613
3691
1319
5051
579
2502
1104
5492
754
4005
1531
535
5999
5676
3587
5159
3774
632
2653
3563
2025
4865
3697
3832
257
5450
3000
431
4565
3010
2407
2455
2852
5312
5751
4658
1968
4669
5650
1926
4001
4495
1811
4043
4112
199
5669
2905
4057
2841
5190
2665
549
3608
4026
4586
2297
2078
2050
5222
1180
644
5412
1924
4688
5410
1782
1841
4663
5033
4577
5805
1451
3947
5245
1166
568
587
4921
4740
2358
1270
4844
3209
704
4012
3212
4217
4628
2965
2615
5442
890
3734
1181
477
5602
103
1681
5991
4409
3439
1183
4950
3346
80
3688
4114
1793
1834
5611
2174
1592
2304
5327
5367
3273
2021
1356
5164
2093
1416
457
4200
4742
3983
315
505
5802
2969
1557
2228
3126
1673
5466
3920
4104
308
2707
3106
1287
1470
2645
148
1162
5176
3128
2582
2273
600
3095
1863
5913
2922
1665
5547
965
3789
3229
2513
2886
1021
256
815
3422
5974
2654
230
305
688
2300
2680
4370
4966
5274
544
967
709
1572
927
4745
2603
887
1689
140
4985
4356
4861
3760
3250
4304
3940
2279
3465
3756
3506
1839
498
3359
4085
1789
2862
198
1574
4802
344
3655
726
1482
2138
1519
1885
5577
3585
4358
5755
5521
1765
5135
1772
3130
5699
1208
4054
347
3275
931
4123
5331
1350
1663
5075
3950
4881
2140
788
4494
4681
4355
5979
5445
1600
1334
2984
5709
1160
5385
3325
5555
5683
4637
176
2849
1847
4203
306
434
3258
657
4560
3690
5451
147
5769
216
329
2896
5903
5590
41
3755
2218
612
317
4547
4333
2070
1601
3412
978
1838
149
1598
4316
5743
3127
1175
4150
1754
3211
1379
3267
424
5927
3942
313
5277
1027
841
3606
364
3859
2634
4198
4051
3788
4382
3801
3491
307
592
5636
4999
2715
1355
5480
1874
4045
3156
5833
3716
5383
4994
2564
4482
293
5635
1819
5945
2364
5202
674
3389
3552
4913
4678
3372
839
5157
4407
5801
1577
2012
5123
3122
5806
2967
5665
3409
625
5406
2180
4930
5104
2095
2767
4373
1855
4683
3387
2674
5770
2328
5605
2773
3637
5759
5730
2067
1005
2616
4608
2838
1433
620
5106
5015
4799
1080
2776
2386
2035
3276
5501
5485
1148
4237
1000
4474
1921
1437
2655
5232
2395
5227
1225
5928
5421
3721
2096
4877
4935
725
5910
5120
3470
3809
2618
1535
2851
5498
4093
2198
466
3659
4556
1
5355
3468
2039
1454
5627
2316
3101
629
379
162
1016
2854
4133
2997
2877
989
4635
341
4367
3726
436
4122
5401
3204
5473
1896
5690
4737
2085
4719
4656
3045
785
3982
368
3985
3778
1787
114
2222
3956
2294
2377
5851
2258
2400
5509
628
5625
3488
2204
411
825
5348
791
5185
3743
130
3003
5790
3255
5417
373
1483
1014
4158
611
5143
5197
3657
2435
77
1723
2559
3782
2217
1683
533
3303
1543
1380
663
4824
5941
3300
3292
196
2837
3733
3007
143
206
3015
1136
4888
2252
54
1362
1891
4178
2795
2724
4625
4068
2706
4554
1892
483
5510
1539
1064
4270
2129
1563
2554
4860
5694
3274
1084
1628
4748
2894
673
1711
4568
1925
2461
5728
564
4903
3962
1049
2853
4326
5225
5000
4319
953
1031
3529
4538
4269
5947
5670
2742
3870
1233
4955
2390
1023
4406
2101
4604
4401
5904
605
3299
2087
1636
4215
5107
4466
1622
2225
3354
418
1176
36
5118
1506
1976
4974
57
2049
4486
3528
2778
5340
282
3334
1798
2163
833
5149
3588
881
1429
4652
2683
3169
4276
255
5103
4575
512
136
2380
243
4778
2208
2522
1827
3762
1042
553
1493
862
5471
2542
5490
1983
762
1397
2783
1195
3603
5661
3916
893
277
783
1479
2020
3244
1125
3692
994
2812
5182
5462
1056
37
2326
4662
4920
1464
576
3479
4392
805
838
614
1013
5073
1713
580
2010
1737
207
4027
3368
4898
1019
5234
3941
4271
4624
3858
4743
1584
3614
1347
218
976
2293
5718
2005
2763
4948
3518
4340
720
1418
2159
1768
4526
2732
3085
1701
5337
599
5574
3553
2079
231
4450
3444
5293
1700
4583
4436
742
1721
5865
3671
5276
3331
5189
861
2122
4655
4476
3160
110
4007
3948
975
5760
2832
5958
205
3417
443
2545
546
2526
3369
640
3463
1833
2943
5631
2964
4537
2061
1142
4833
1515
4451
5523
4732
1922
5009
3248
4646
4581
3171
4746
578
4959
3111
4434
3441
366
4631
933
4321
4559
958
1582
83
3876
5971
2550
90
2219
45
3324
3485
3170
1206
5047
3988
3639
3537
4660
5108
5205
979
5692
5476
5658
4895
3021
5140
4729
2916
3396
1860
4627
3355
5899
3391
1773
5618
2418
1812
146
4490
801
4973
618
1485
1562
2681
1442
2842
150
4932
367
5071
836
4817
3033
4901
3254
2080
1330
2806
1449
4765
3074
211
4284
948
1139
3436
539
1441
4033
4166
4101
42
1490
3710
2414
5830
2009
1672
2913
1017
1250
2491
1528
357
1944
3159
2586
3997
1599
3675
4876
2604
2879
461
3457
5045
5908
5778
950
2339
4134
5167
2629
3034
2940
799
1725
2958
853
3829
5775
2597
2720
2178
3423
4092
5943
2103
2230
2726
5323
5011
3861
3532
627
5734
2887
393
2110
2704
1733
5808
4413
2920
2197
2409
518
1930
5526
1751
4232
5868
456
4880
440
360
3060
1610
2850
3068
2356
58
5970
739
5556
241
5992
1002
2816
5053
5305
3263
4206
13
5981
1996
2446
392
3725
5237
1055
5158
4403
4667
259
608
1012
5265
551
1740
5725
4118
1037
4275
3919
636
128
723
1234
4208
4050
2834
194
1995
3720
4975
179
4775
1992
534
772
719
4858
1918
2388
4961
5131
741
5996
5178
2352
3153
2753
3864
1870
1850
11
3890
3784
3597
4
5361
2062
2684
670
2158
95
1320
3551
5930
5604
1063
715
1631
2266
5882
3194
2457
5057
4813
1544
4702
3454
559
1542
3196
4155
4264
4839
681
684
1414
1685
4314
1617
4139
3166
5145
3223
3140
2043
2529
3652
1194
4550
2570
337
5674
543
4874
2787
5198
779
5359
3559
4582
5479
4689
3635
2981
3767
4137
3238
1112
1445
1145
3432
1101
2593
2232
777
3629
5939
5419
5752
471
325
5188
2458
3862
2322
2150
5585
4854
2305
5240
1917
2973
3144
522
4107
2626
1999
5766
3704
5278
4132
3670
3775
4222
2929
1974
3405
3219
3872
1875
2247
594
4517
3205
2888
2568
72
3569
819
3852
4891
3199
1022
2181
4923
476
2935
1256
1497
3364
385
4905
506
2387
4871
3206
714
5264
1378
4616
733
3262
1035
4214
5968
2156
577
645
4071
3530
5735
4400
3694
1191
3717
4794
3547
4245
5377
3931
5336
4971
4337
3618
886
3216
5268
2306
1505
4606
892
2518
5792
4653
3866
447
2745
3342
2640
193
2694
5112
5486
208
694
561
1571
4424
5428
698
3708
2902
5238
1201
1687
4793
5097
4600
3888
5883
5049
2739
5942
5224
5387
2574
2280
2480
2483
3987
4726
4886
2524
20
2577
1956
4539
693
637
343
3228
405
4986
276
4864
4008
5826
188
1129
3794
1978
547
3596
4182
4868
5952
5301
420
5841
5516
1540
4368
4944
1647
5229
2531
3513
1667
1616
4789
2555
327
2113
5837
826
5207
5136
623
291
4676
2383
1581
5878
1344
947
1427
1030
2255
4957
4320
5309
4692
806
2764
5645
189
3235
3328
4009
5589
5575
4156
4988
3231
4455
4031
1868
5002
3930
3538
5895
1958
87
3079
5680
1079
5426
5502
3311
3093
432
3776
973
868
3440
4993
5906
4609
3381
3483
3006
3365
1591
4708
55
2047
3818
2312
2392
870
3964
1940
3546
5609
3633
2912
842
3651
4967
3693
2097
3134
122
1020
2576
3800
365
5652
1143
517
3023
5281
1105
4300
1389
378
3421
962
4170
1280
717
2749
2660
1059
2288
1726
1372
1399
2517
422
4201
1149
5393
1327
1533
3865
550
2934
5798
3728
1091
837
5668
3830
3943
2677
1867
2839
703
1360
5931
2154
542
5909
4402
5593
1492
4916
3062
5601
1150
2474
416
2471
3831
3452
3836
4175
3289
1388
1413
4411
1401
4039
999
1500
1072
5738
3986
4465
3257
4432
924
3102
99
3121
5404
2662
1342
4360
3110
3392
5789
4094
1990
3631
1199
5898
2167
3265
2968
3245
5603
942
2921
921
4087
5976
38
993
2963
1948
3182
3842
2168
2824
175
1502
4675
297
5403
3427
121
2248
3561
1246
3032
1529
3314
1110
3722
5241
1099
3718
3494
574
1090
2583
2575
4405
2986
3626
2341
3090
3568
5279
2464
5855
2193
380
4508
5211
1859
700
2073
2861
4435
501
5737
2443
1858
988
5431
1466
2752
5758
2136
1284
2779
5076
1400
5629
5444
2780
3891
3390
1634
2469
3096
3958
2721
5126
444
929
249
3904
5025
824
5710
1220
3113
940
900
1282
581
281
3630
3188
695
2617
1171
1886
1257
3935
3332
3067
511
2738
802
311
3645
120
1596
5672
5853
3674
4274
4218
1919
4892
1964
1624
4181
4161
5491
2235
4698
5701
1752
4024
1001
5308
686
109
3699
2478
3350
3781
4904
3882
3627
2664
5034
4010
268
3025
5396
2527
296
5168
5926
14
2543
1051
438
2700
3353
1642
1945
5493
28
139
1447
4416
4119
706
2951
3810
5204
3701
5817
2059
4879
4527
866
3792
1212
2132
4962
691
2781
5804
458
2467
4873
5257
1390
510
2990
3971
4531
1608
3086
2619
1933
5230
5351
5776
2229
4553
5703
5783
5956
689
2823
926
2578
5916
3143
3874
1731
5285
3572
2528
4489
519
702
5907
5554
3048
3407
1769
3628
4738
4856
2318
5160
5144
1705
5214
4512
4036
3411
342
5452
5460
5595
1155
1169
3510
2541
863
1718
4072
1275
5475
4075
5326
3123
5114
2772
1719
92
4144
1778
554
526
1814
2966
3455
274
4784
1611
1373
3820
2236
2002
5675
648
5905
3192
1503
1936
1409
3925
1007
1913
558
527
335
968
3374
2283
3981
5843
3175
5001
2281
3203
40
2494
5425
1813
5244
4696
5191
5302
1911
4371
3959
5664
3556
224
1763
2429
2037
766
3270
4493
1745
1242
1783
3619
5139
4157
1977
843
4510
626
1477
1369
4148
3138
768
2856
4768
2379
5124
5292
4414
2036
2243
2394
5193
3281
4796
4145
5392
4138
5662
1727
5175
190
2065
2573
301
2717
3522
3927
1097
4770
3065
3069
1920
4287
470
2991
2088
1006
3271
2952
1343
5964
160
1039
1856
4106
3472
4020
1614
2714
5345
1251
4168
320
1204
4475
1469
247
3162
2713
1757
1820
3039
4671
5545
1123
404
3992
545
3616
2899
5746
5408
5251
986
3489
4067
4536
2327
4223
487
2610
3477
1211
3517
5705
4643
2768
1825
3976
2817
5427
983
1040
294
669
3929
209
4444
1196
4398
630
1471
1295
3379
3937
4670
1923
4639
3869
3643
4346
2321
3401
3879
2637
1087
3155
1799
2434
2342
1410
2260
1973
2107
442
4960
1092
2867
3641
696
1766
3410
1435
1776
5344
3851
3514
2587
3849
4488
5069
31
323
5195
2257
5761
2133
3729
2190
1848
4437
3727
5262
4243
536
5762
1463
4273
730
2504
937
3576
4791
5938
4014
4595
2301
896
2636
4044
362
2736
1569
3326
1507
5018
1788
3157
5083
4686
1511
5811
5228
4034
1897
2372
4718
1323
2165
3656
223
4331
941
4377
43
123
3984
4081
5720
3145
4160
4759
3770
4857
2971
4690
2335
5866
1538
1979
2870
2621
4848
2272
2672
1882
3224
3158
3105
439
4487
4945
2915
631
5740
5447
4664
4116
4204
4909
1512
4958
4164
1405
2936
2895
3036
5861
4805
497
3545
3141
5328
3579
537
4633
3349
774
1268
4524
5429
1993
2585
1425
2676
4151
468
3378
5708
784
3575
3683
4866
3073
2250
2948
3124
2647
4619
4634
7
5626
2437
1472
3351
63
1796
1025
1888
935
597
3797
1462
3404
4000
3664
2420
2344
3461
2891
5304
4650
2137
2710
4908
192
1008
4924
2423
651
708
1730
3573
2075
922
1439
5464
2431
789
2289
5494
882
2192
3008
3064
4002
4979
1352
2347
3029
173
17
403
4900
119
1260
3319
2330
2108
309
1627
5961
604
895
5321
1668
3181
314
1067
2580
4079
5607
5458
610
2548
865
5443
1684
3091
5856
2650
2001
4266
1824
2519
2765
4064
2224
5530
2234
5219
5615
3503
1660
711
4415
902
3252
2086
5948
4100
2857
331
4781
4124
100
3092
463
4445
1828
1264
2448
2754
4862
4598
1332
5677
4928
2638
1258
5196
5568
3071
2415
1739
5722
4449
2959
1585
2622
3994
4847
3415
5256
484
1852
5210
5289
905
5700
4135
3352
3148
3131
3099
4088
292
4661
2185
2366
2019
2516
3854
2947
5552
4021
5820
5409
5300
5016
3899
5138
3018
4162
5763
3119
4715
5394
808
29
4769
1285
4060
3896
1720
3298
2439
1755
3875
848
3653
4471
2731
5199
3824
928
435
5688
3232
79
1365
1010
3218
5965
1255
4177
5918
5558
5098
5534
3497
2500
5741
750
478
1460
493
3833
2521
3307
2268
567
3493
4385
4841
1854
415
3887
1680
1163
3828
3120
1417
4505
1297
2162
271
2584
2627
5875
4941
1193
4322
3191
1756
1219
4919
4261
5441
3151
956
3072
3384
3207
1970
4939
1775
96
2811
1661
2750
3089
5666
5243
5271
4460
2210
3363
1349
2343
1653
1339
465
248
2923
2882
1307
2741
3759
5504
3
1987
844
2028
5306
5186
2375
64
1046
159
4338
1946
4332
4294
4749
1904
5029
1478
4499
4483
4308
1597
5260
936
1805
1912
734
278
1602
5177
5753
4397
1230
1800
5840
4491
5745
5249
701
5031
2046
1048
3227
459
4205
5901
4713
4843
4260
3261
485
5173
1815
4041
3765
300
322
2690
562
5128
1749
3505
1083
2018
3042
4946
885
5562
5871
899
2265
2537
3953
4342
2678
2611
1214
682
5028
5923
997
1386
3323
350
4938
475
5060
4705
5719
1931
3525
966
1649
834
2931
613
4632
2413
2530
1331
5487
5280
4751
2705
1120
3763
2267
91
251
1837
5469
5514
5286
2175
3249
5713
2498
4310
5560
3669
4716
1177
2444
1184
3318
5338
5272
5707
1774
4883
4126
1068
1613
3247
1205
2497
4831
454
449
3682
4803
4790
18
32
1398
4840
4048
2220
5549
3508
3225
5113
3330
3063
3540
5141
867
4190
1224
488
2166
4714
747
3894
3413
3220
1513
1392
679
810
3885
3621
4523
4179
1088
4918
3578
1623
5111
4388
1857
5689
5507
2378
3367
855
1382
3766
437
2100
3814
875
5035
1254
2121
3044
2134
3500
856
1396
4970
89
2758
5781
2462
5813
5481
2292
1901
998
47
5988
1677
3901
4390
3758
797
2477
5019
5914
4825
3634
4211
4238
4376
4420
5850
5044
849
5812
2368
2885
4011
5973
3040
2355
474
3338
433
707
5592
1312
4074
2649
4782
2325
180
2632
832
2975
2998
3053
132
492
2802
3840
70
923
3190
5655
4121
4852
5845
818
3868
3038
5579
4893
2226
5716
5397
4995
1140
5630
672
3915
382
5436
3142
3878
4617
2735
5881
4246
1290
3284
4711
2160
1659
4834
3808
3841
1994
2945
1124
4242
2821
3895
3772
4502
5529
716
5390
5810
2202
3317
1301
2560
2602
1198
2499
1804
5299
4989
1706
4365
3601
1843
310
3586
1061
888
793
5920
1900
171
1666
4889
828
5679
1887
1662
591
5532
1496
1699
1058
775
2357
891
5184
33
3796
451
530
2277
1248
5659
127
286
5867
275
1240
414
4006
5744
4423
5768
388
1894
4422
334
1690
1553
1640
1431
106
1207
2572
5194
5794
2264
1269
2769
4934
5269
4998
2376
1411
5389
1619
4649
3382
1188
5706
5109
2112
4823
1178
2725
5836
5179
2253
3819
4235
4779
1498
3740
1491
5432
5505
2104
2303
1682
2843
2819
1157
2833
5022
4055
4265
5531
872
687
4049
4369
2451
1742
685
3112
428
1906
961
3695
1274
5598
2818
3686
2417
3623
2329
3615
4467
5978
1949
5987
1707
1605
1578
4469
2605
5378
4176
1641
4762
5533
3715
2836
3544
3059
4226
2262
349
4095
2918
4110
5026
2884
918
235
2813
3742
915
4884
4882
1747
5146
5148
4931
3806
3737
4352
3437
5894
584
244
5082
3137
746
52
48
2135
970
3246
2399
2290
4638
3066
5067
4295
1986
1736
4543
2848
4897
5834
2630
4311
67
2308
3341
835
763
5235
5749
712
4522
5639
2874
2120
4972
129
1071
165
170
1646
354
977
602
5489
2472
3979
5564
2441
690
4811
2402
98
4473
3380
3640
1137
3975
3534
2692
595
4821
3883
5063
3684
5165
1130
2904
1865
2644
4772
225
4983
565
4318
5742
3673
981
2992
2427
2142
3900
969
5809
321
2032
5041
4563
4541
2600
5649
3499
3843
3282
3475
5829
751
326
412
4557
4102
5767
4943
4707
3580
2872
2359
3431
3698
5395
2757
5360
5772
3185
250
5610
472
1702
4721
5013
678
1554
5050
2031
5876
3837
2055
3001
387
346
5414
4462
5203
1161
5266
2914
3804
2507
5641
396
4693
4209
5349
1370
108
1939
2863
4447
3600
4668
3749
448
4379
4601
5089
5572
2151
3125
5795
2051
4615
2599
3791
3574
3571
2668
1377
525
744
1831
4042
1975
4783
1846
3016
1322
5896
3924
1128
4774
319
4202
2950
1750
324
4827
2433
2004
3827
3822
5375
3344
4298
4103
2042
0
4937
4372
2562
172
2333
5541
5283
2022
1096
4968
5702
5381
3812
945
4806
68
2082
5933
4555
2506
4485
5621
4518
3871
359
4309
3184
339
1728
2468
3739
3807
2801
1168
3259
5407
4066
4131
3730
878
5362
1404
4835
2045
738
5653
2406
813
5614
5551
5032
736
2271
1415
1153
5459
1135
4640
3853
5588
3398
5287
2588
4850
3884
4674
780
452
5172
3215
3611
1004
265
1266
1134
3736
2396
4564
5310
4851
5065
479
495
4592
118
1381
4997
410
285
4083
2148
2534
371
5576
4620
2667
2058
2199
5791
2532
1337
1645
3336
4427
5500
732
1810
2196
2238
4212
3835
589
4987
5771
3752
1452
3242
1253
3469
5732
4497
4317
3973
5246
606
5221
3512
3176
5213
2119
4914
3719
4952
2699
4174
3649
261
1217
1693
1877
745
3993
5448
1583
571
5187
3172
4657
5712
2709
1586
2299
2109
800
3677
2679
5953
795
1066
2803
2919
5997
453
351
5729
2766
2315
4038
1109
1537
5613
2176
358
3020
5418
4290
238
713
4773
5258
4248
383
1797
5647
3932
4830
2994
1144
4810
3790
1791
718
4315
1341
2558
5695
5358
1420
1514
2670
3046
3589
3844
4899
5985
214
2847
2594
1761
4867
4546
3315
2481
1551
1228
3731
5921
3502
4607
4216
4062
3678
5566
4180
183
2900
3213
3278
1069
5542
289
1532
5350
2635
5284
5206
5846
3617
1335
2515
381
5608
1621
850
4186
2369
3504
2808
4717
4105
1950
5037
3178
1345
2926
1311
1929
2054
2128
796
883
4070
3498
2126
4343
3519
3662
3570
1348
4701
3076
3237
3969
3486
1314
1011
1991
729
427
3490
1406
5066
1057
167
5599
5070
3735
5957
3834
1455
2365
2286
3329
1102
1794
3480
758
1609
4613
4091
1060
1678
1695
5553
5169
4933
69
4753
5352
1903
4096
4286
3741
245
1657
3813
2314
2027
3017
5799
4076
2209
4697
2105
4837
2810
5606
3453
2340
5005
3428
3509
5156
5537
4458
2566
3339
240
3926
3104
5137
2000
851
3460
5311
5102
3233
2127
5535
3214
1086
3024
1313
5142
5513
4172
3914
4885
2685
4953
4845
5335
765
4795
5039
5416
1045
3906
5314
3035
2639
2068
5079
394
1589
1809
4046
2410
5080
81
406
3787
2227
2625
1826
5897
2953
3202
336
3051
2533
1741
3012
4820
5858
655
1494
3337
3663
5122
2514
3746
4836
3960
5282
5512
5580
2424
4513
5242
12
2057
3648
3757
4324
5370
3867
2890
3886
4496
4197
3084
1402
328
2907
1935
5267
3700
4461
3088
5115
3857
2671
2106
4733
4004
5900
4846
3795
4231
1951
1981
3583
1947
1093
2628
1241
2939
2624
759
2077
3026
513
5922
6
858
4585
3970
5042
10
5499
5632
5949
4890
3533
1202
2878
4926
1089
1509
1375
2928
2449
1692
5582
204
4915
5085
2901
737
4421
5860
1889
2809
2048
5261
2960
1771
4040
356
3285
2996
3347
3146
1262
3117
5693
2278
3005
721
5096
3744
5839
1884
3667
5717
5056
5482
2270
407
1638
5382
1053
5252
2242
1446
748
5365
2716
5010
402
3449
450
5803
4443
2955
1324
781
1154
4361
2008
3136
4291
1156
3817
2722
398
4780
1484
441
3565
2908
4353
5259
5814
1043
2536
4053
3625
1916
1276
2362
280
3955
1252
2454
5977
3356
1845
401
951
4532
4622
2734
1489
1289
298
5663
9
1932
1546
3371
5660
5986
1384
2696
2985
222
5559
3685
2663
4089
2317
3811
166
1712
187
1100
3321
2367
5119
2825
419
4484
3280
3107
3524
266
2011
2141
5438
1909
5887
3777
158
764
982
2249
4272
749
4722
5591
345
4251
1504
4804
1081
101
5059
5253
2231
2612
5536
5797
5911
1704
831
3464
3358
4558
4501
4080
2422
4169
1358
1593
2859
3526
5982
2450
4163
4744
2774
421
3523
4597
1456
462
3654
5777
3340
1077
2430
3952
5055
5212
299
3612
2556
1558
3286
5597
3747
1717
3327
4699
643
4386
2598
1363
3458
168
1044
3295
4404
3967
2016
233
1957
5561
2844
654
3043
5721
5511
4366
2782
4808
5208
1594
1779
4859
1691
4534
2569
2708
1118
1238
4464
1942
3771
4239
5174
5967
3846
35
4589
372
5872
5844
1273
5697
4351
2363
4188
4842
3591
5586
3738
2493
2511
262
4065
830
3264
4528
4515
1403
1674
2858
3037
5515
4578
5130
1448
1412
104
3260
2171
2351
4255
4734
3425
5180
1426
5757
1338
124
4345
3080
5747
3239
2385
4097
3541
4410
2828
88
790
1351
541
5818
1152
4084
5852
573
1633
2688
2977
2972
2191
3934
2090
5984
946
3944
4724
1353
5150
1959
153
1861
4906
389
318
5891
3661
5736
4750
2547
303
272
1032
609
4887
1062
5654
2980
1117
1294
377
117
812
2091
4090
1371
555
1438
5008
186
4244
3957
3972
2751
3098
2084
61
2173
3501
1832
2466
560
86
2145
5902
5453
5437
1465
5624
811
2873
5152
1476
2601
1159
1121
4720
3622
3362
4032
4472
22
1361
4408
74
154
3838
5435
4357
5094
2172
4247
2909
4313
5889
5024
1036
1630
1803
4816
2961
5043
1306
4230
4288
656
757
5099
1534
2241
563
5263
1095
4551
3902
5539
5648
2412
3301
390
1998
