11587471
8687
73099
42861
53873332
30010
11268439
51532
6945194
13870
46283352
4501
25927059
10442
37606882
402
1185866
13272
49112592
49917
29883405
1120
2396308
48958
8811704
11815
30309313
54872
1089276
12212
55142474
7616
37665428
25454
17218650
13670
50557387
37385
14157595
4087
846165
7580
23375213
15626
29880787
14865
19206629
37442
32736085
35499
30649182
48448
13384645
45155
39070198
30818
13940084
54022
34402979
1457
32576678
1475
31749554
8548
41867521
29404
53638819
56046
14157648
33306
50137601
45519
8119821
13294
23097766
46433
45186918
49023
59077402
12499
14178166
6200
25903736
31259
53773276
8817
32442925
28659
11085570
20609
2458015
14175
21119252
48773
1904347
2554
39844101
59531
5566189
10625
17564730
16127
13257808
10930
53163025
20831
44356499
54606
42946139
5003
13859437
14600
6688541
43842
10448928
55031
13684537
1495
40204603
13827
6068960
5082
58675121
48663
30202635
20331
27721870
14518
2306035
56671
55289388
14036
26356528
54944
24236803
33972
16164897
34979
12640916
35780
54546948
1488
6047536
59595
52799041
11074
37779003
25694
4105293
59469
34672107
11975
29404986
17460
38605620
99
28385355
45209
15975041
57180
23615014
13732
24664745
7723
42342548
49576
57950248
4259
20120464
9935
43280356
58085
9100040
58455
3850993
35782
46478004
21083
35667390
30288
33908274
16148
52057295
34637
9812773
7256
1018118
52773
35744856
46026
27080516
48610
38156279
403
4107826
53323
13154812
2159
42655442
27742
1507467
28744
14802976
55706
20051692
33764
47400360
55586
3382650
19736
59484730
49412
978445
26294
38557622
44089
44713698
7370
11441118
47528
11401339
17036
31184688
54320
42035243
53717
14964231
707
34713735
37169
58205588
27957
32099809
5738
59852061
29293
26458738
32258
13830635
38970
27855120
18039
20115935
22393
2679091
49194
8310669
57708
29785058
59525
12205996
33381
1577882
17859
4773928
10434
22262896
39829
49235434
2642
55111661
34409
22348579
12663
26596689
8104
37326543
53916
18835265
35663
29657323
10068
35567204
35889
21082605
47588
23141255
21157
6308920
29366
7595430
13881
4428987
46900
46993871
26176
51569314
25385
32295920
41679
16478332
7199
7801575
21337
7472236
3282
42106832
7722
9801600
13923
28659510
54284
15445840
21489
51652221
20878
28029160
42538
53637198
2126
36212861
39945
29527467
44724
19038403
13150
1645790
20493
48227076
24409
22570713
54118
36472527
18265
50852674
46276
52408250
4356
24472080
4902
309777
30771
45517854
55310
34152771
39785
35124882
43988
53879259
32552
50615033
27495
57827329
25009
18626741
10132
50483546
18410
47439214
44360
52727780
26128
20269691
46080
27489423
51785
42685182
20430
2981011
25318
31516876
30993
28480597
15134
2845094
1494
1960341
53895
59590742
9708
39893862
15014
56725237
27973
45159687
23417
2026683
24253
8900694
9464
30225860
50050
33464259
13943
54079653
11948
2590794
32649
2635500
9309
20750116
56926
45169211
548
50638516
11264
1999383
38978
45026620
9201
53318117
55152
22525907
3948
41248380
31807
26509177
49952
44089299
36090
25161240
7621
10656668
54610
39674348
25529
2463858
48645
30907322
36410
10499023
52441
19144269
18244
51486078
26813
22890220
15608
55023526
30841
34830228
14527
10748789
316
871559
55059
22719692
39225
40016801
21372
40281810
11520
10325764
58168
12066697
26423
57516643
41732
26843312
13330
33594813
40666
18439234
57172
9736237
44632
5539265
40345
27662197
34947
31305031
21015
49329944
34933
34214613
7788
43948874
42871
24375774
3235
27950127
19091
10829881
59560
5988330
14938
16421982
51323
55139740
53474
13903230
23321
43057382
59189
30230119
31647
28489022
17166
53117248
19079
18142914
54255
34842762
45146
23206438
51515
31137936
55604
24623733
4513
43010172
23345
58208597
25759
19869030
31654
53916303
46874
56845377
36802
57888524
48848
13251860
34481
19942775
30317
12922009
8098
3783490
3609
35428416
42259
45993607
53789
53638497
25442
40999366
8327
40248581
52671
35906316
37743
51746405
30745
25717264
48018
36455682
52258
59299365
13110
42410739
9735
8784105
15970
35364113
43770
29592656
59598
11839294
4346
23560450
16565
11054342
15575
27459912
16991
53528283
59236
46817672
54270
43663226
17888
53965677
18656
52891180
54220
51413330
55482
49276348
42958
51969104
19265
6099362
30356
16826605
6088
23832773
9061
59290527
35073
51331168
18969
51551201
38191
7880968
5462
28947734
7226
31648295
59579
1614568
38416
47174878
14950
16674749
3291
24373984
33637
57495557
32356
33165936
16793
37628129
45801
30190551
16292
5879102
26154
32258558
29865
59806939
48500
28042928
2725
3168675
46610
33458030
58361
17996764
8458
54543611
19575
49042200
56527
27197388
19721
23915469
27619
16207884
49749
26988743
50520
49521194
10098
46497205
47147
54339106
8302
29250361
56195
27627028
48008
44080270
36839
24105151
29163
42827034
36504
47183402
52557
19358867
57185
7552672
46034
49031407
3174
8512966
25680
1189871
7144
23135238
596
4368539
22877
32177599
2544
55785478
26932
21891609
19180
44273144
43284
54672703
32642
42088902
53554
36959809
44460
35983691
39883
33263942
18674
46533936
15353
8920570
12027
33707416
41343
15395215
53171
40729858
37135
54282610
32821
59460999
54059
47486768
11777
42100259
43857
10708783
50332
10253566
6365
34951849
36989
24963910
46402
21967702
7278
24318147
52682
43601094
46287
32419201
28402
7268508
47572
25617049
4693
3372814
58869
43197114
20795
37363000
775
18614623
11680
11794870
14430
27236640
31946
46960316
51183
42283544
4058
26198221
36346
13380281
11077
58246107
15369
39699955
2906
28229366
27215
3366475
37086
28662436
57416
32856952
4325
40842544
44912
59057084
5873
30507847
14008
4738346
56209
56963092
33023
25522474
49669
35442684
29
31065149
25786
27079176
16347
29682692
4325
45376686
7382
370960
33290
58583869
49089
10166448
53024
34446194
58178
18614133
31438
39713537
46472
3350867
39328
42172946
11085
21887814
21396
53779962
54356
44431236
16718
42564994
58165
24513770
51915
6948579
37127
40883200
27282
55272398
30465
43327108
21484
43522405
43887
51346267
1928
36399284
28431
4808540
48010
45314967
786
43437330
30210
28055503
56541
44272126
43208
22944067
29723
56359986
44473
47927047
3389
5757911
49639
2007350
10384
16794966
50576
49508343
35594
15441379
19647
31142534
17800
53595231
14434
17907809
34643
42105994
10916
7996387
9302
21691123
19905
5878637
1914
3275367
18740
8253474
47737
20197505
45576
54551671
1726
42686164
39254
25774588
15633
45009995
1573
52096962
11881
33215535
27727
52067515
19407
285343
30455
57875591
40930
59489524
1589
46894064
41640
13164543
37831
8445999
51195
46811605
1403
53086044
57970
30176839
12827
35635049
9788
59813181
32894
5760006
48110
35293311
28397
27306747
41668
46873471
17026
13148667
8489
10376332
51279
20665586
17779
43804439
15139
51236549
47892
10849267
36405
5956763
24684
6962493
21876
12379341
49414
45782867
19521
1650998
36274
43242205
47598
33074571
49740
15361352
56438
29974035
50816
29430210
45663
19511897
58936
26346651
36604
54082848
50561
35464010
11187
50285930
1730
24323798
28036
43044060
30328
42786318
27630
10952527
24935
14591804
14150
33935202
59669
33897457
26439
37999818
47086
43294803
57049
18838499
15772
26335198
9055
55324673
55538
6518637
8250
19052549
28810
6692953
7067
13393803
50728
46429619
48578
11427539
22861
16778817
13546
6068988
774
17961937
16871
53490738
53052
2605157
20713
48866355
54296
11045855
32436
36393330
32687
10540742
8190
7848263
9043
23486824
59412
9090344
6733
53351501
44298
10901897
27144
54885116
45488
4606432
16450
44336410
40358
55970481
43134
29611766
14652
53383712
32761
21165585
47893
11670942
28153
5317610
35461
29894868
43703
53262236
23718
54048672
57762
44560047
7858
24153674
51847
28085353
38116
57518094
27846
38903309
25980
30980939
29411
51618133
41076
45373052
26997
27579730
45569
54485904
646
53923835
10931
31622581
38570
36869123
35165
7666808
47586
23852996
13154
41532399
5540
45224970
50738
24424314
29101
20565955
43306
53557213
10370
39163157
17316
29233711
29795
33885767
44775
8570794
37139
6982492
48033
36651089
8668
39936283
38632
8260909
16102
37117883
5951
53874423
11587
48330853
36706
28421062
37333
48757275
8737
54338949
40927
29463297
49054
21123876
8536
40315883
47645
3229076
31244
7609836
40291
5976416
19225
47041801
10998
53303260
57328
32878797
39057
6296454
11004
13945035
34320
31650779
5555
13087132
28884
38757941
34273
49540610
23155
51023037
18403
8134015
4059
2836811
17740
37261192
9992
55693031
8574
57636006
17079
21067320
20989
30382865
20259
48962018
35907
36044960
43729
3101027
20626
31523326
11680
5649068
43536
14118899
1644
30410292
34532
31143939
42297
43723571
36087
38223157
20045
7397021
55523
42646603
32156
24702758
53677
7494202
15712
10743404
29460
37227483
16421
31414848
5919
3183154
24002
27018105
33868
21368532
28128
16254584
42395
14419705
50183
34102213
44572
9832580
53424
3958562
12151
44258925
21183
57691477
44388
17070681
10884
19318555
50027
41517706
4763
21722148
27590
24271267
57806
32975039
20431
8090705
32383
21070075
1928
18689543
19347
53922438
45814
6385336
47483
17732997
3589
24751064
56461
1033362
24461
41455678
2825
30807557
50463
26758862
56245
16059268
39910
25903237
39699
56721083
30859
53513067
24479
40776450
29008
57265365
30881
10918280
22582
39914567
30309
5159694
8275
43610418
19376
28450686
14448
1598819
26816
11052154
47862
26942999
41360
54256257
22694
4906104
1182
44567057
4269
22480720
54841
13654619
24781
18604744
13208
54754176
21099
30431198
52974
52239896
42388
38063932
54364
22891311
25397
48585188
10762
35502671
12794
23919587
43449
11291576
52501
10632540
21365
30278821
1844
59450751
46528
6259977
30117
55561422
42370
55592434
29399
9883809
34141
9261655
40720
47171242
78
44593070
51961
43733719
29821
50172670
13556
21151844
49752
4515924
10163
9504120
49478
29506325
51413
51323531
7784
4800117
56831
28683225
35859
26088339
23385
54663471
3140
44312336
13703
5046275
28252
36943953
31483
36609357
13841
35242061
45612
24974027
31803
8077768
39887
20259180
632
56958269
46657
3991953
33227
552691
59086
9028864
240
54947592
20442
18617534
44083
34259644
40184
57930840
8828
15539314
14865
59515545
36839
20940404
12986
44466695
34999
33949443
31441
8532065
52524
45226880
28413
41621888
52258
6308869
30356
37040507
52015
44855466
43994
2238023
42274
39375697
46145
46771917
21016
35327756
35090
11166739
28165
45340741
51562
6464832
39838
50806076
40810
6475929
28796
123766
29719
18203570
39107
48363163
57252
58416601
32474
38092324
13247
7646967
1294
19239019
32735
12661172
15391
15762466
22662
48595427
11455
55243866
32228
53726424
12691
19723303
54765
55766173
14499
51177434
43220
20662697
6533
21015909
10206
44149331
50179
43427957
53161
55166455
5427
37109082
1075
58678590
31679
40889614
25175
12137284
18799
41871700
40516
6980772
28586
29764378
15360
7592457
40985
33348248
24072
31560096
1188
34951570
3523
38765162
29497
39568027
3831
58245904
50710
23386927
53051
33510978
1285
19697025
30867
27572800
50221
38638167
15743
31767657
27227
48480024
51633
36588334
21320
56442314
23242
45565985
8064
24847522
9013
59010292
3073
10680246
48129
21613226
29065
20048676
48550
52899544
39416
50867051
28628
11039674
23277
38646811
29149
41650234
26883
21925824
36130
55793872
7953
11067902
9864
26277081
2099
42008777
26559
42236201
38737
13612964
27283
46618586
25603
31868173
18357
6348689
29169
29240187
3977
15707267
55626
1708541
43794
42216873
57513
40270239
29103
7763966
45795
37213354
6405
9322707
42682
24556979
44909
19552455
21454
32105977
30619
26615869
36260
54631333
31206
45229321
35147
47944047
11214
47175858
41622
35658570
52650
12982439
26273
44914677
2247
29766521
8766
23373958
424
11048642
18246
35716858
10425
56243634
23809
33029861
12459
17388359
34400
18189918
32501
56235929
20684
39016591
25570
20547458
700
29505244
20520
44584545
44463
26709469
1892
5134902
10336
26637843
33900
48589896
13011
4210134
17534
35772828
30917
18200032
21659
10448918
33026
43465256
14760
50517944
23290
48253263
35158
40385929
4759
38930472
342
35813891
58163
56462248
32870
50382839
51773
37380580
32241
4236971
18082
42460104
6305
46137705
19951
24272583
8908
2884252
58299
10619695
52107
44911915
42303
12719531
46058
50443251
18146
59180457
7961
57282160
9334
20199796
59512
19637050
59263
56691155
34304
34756550
13772
46758588
4540
8224310
44790
18836689
42774
26508341
12538
56260997
29994
6790728
5487
28389999
56679
10583035
1946
48852561
30766
40740606
35653
41067725
52552
24928644
21175
2327016
32069
893668
56136
37340271
25627
7206623
22987
37476363
3913
32258372
4320
20934374
47919
37720064
42498
10514750
45041
11353132
48264
42197804
36490
1041510
46071
50337844
29575
20863772
22393
43096476
10712
35627082
59155
18431109
20922
42193223
53767
14308734
3560
59949500
2076
29628072
35927
16414862
43060
45712904
17879
48704185
57089
45693925
13527
18228790
21053
1402804
50719
47558497
46897
33581315
9172
41982280
4399
53998420
32426
34982889
44518
19008502
29879
30620650
39055
25638691
845
639653
56817
45587872
12697
33259345
48830
33869833
28397
18159849
56738
2928284
2490
28771210
57099
33536893
9724
24993955
51405
6942338
54774
7969016
11821
13138481
8541
3639645
51256
31215245
25999
17226263
34453
15005377
1114
28954436
50106
59683113
2959
3307336
50449
34299212
35926
15781347
8114
44196101
36606
17755419
29945
803407
43936
56173191
21912
34398629
53847
35704482
53535
44675170
8315
57727514
51624
2099199
37653
9319627
42488
634437
10508
13585251
15360
14101755
37538
21368374
13080
28881007
43737
30182153
47174
37844611
57932
34059411
15263
56239765
1009
59609483
30097
15104678
8063
36292900
2616
21063692
34309
26747712
22192
54164025
11010
47162759
19578
15346407
53693
17871501
34057
18235529
16168
34226177
16592
52458664
10019
46807057
20837
13024920
20040
52680019
58187
20994454
56404
8741422
11902
8792832
17595
20822521
1307
53378508
36210
58328936
42706
23690418
47076
2827604
22488
9463769
51212
27170865
9042
41300165
12132
31068433
48428
13096485
39770
42544450
25075
41594937
55378
58408405
1437
5220110
9457
10487880
22838
50226855
6977
17783487
55050
8205296
20438
28954944
57214
11257282
56157
36921332
13789
28302546
37047
59646107
54555
56388238
11364
1300347
19861
4098999
41105
45561283
8253
30188343
2511
36688704
2129
32507469
10522
4204635
53770
24015455
38598
27232728
56630
2939694
6755
38535216
22677
45167402
48361
27333046
29343
30579072
7184
41556670
39836
19929721
16904
11145339
18329
11662600
30771
44153334
11018
5527708
49343
4132971
48916
48982307
39947
13557196
53851
22864329
32642
20356730
23417
52061108
9616
42167476
6348
12584589
23387
34725847
10784
37915429
25433
39493003
30395
57547238
9127
31901853
18614
16439470
17183
6309280
13294
665150
6884
42611588
8034
51461833
31966
50524061
6634
53046352
4487
36427289
48435
45932326
32608
48138283
36136
40998353
10743
30374205
9990
13352177
45489
11853
22455
43549414
45356
51328138
15203
10874537
7141
57479087
28440
49775120
16680
7994144
59944
57158274
13357
52161889
50704
30213598
27783
9159214
26072
28878576
48387
19615963
23455
33832577
47138
29589073
34356
20874207
45423
14613178
33570
10811314
24445
14449774
59795
59134028
6679
44233229
8665
5356330
25534
100932
11056
27804498
39751
4647857
350
41047893
6018
49711656
9748
27843875
33778
57938691
35583
40867435
33500
41683409
7788
8966013
20089
32499071
37944
882302
6304
22383489
43687
45918995
14208
30306546
24879
39191998
24775
48653106
41537
16250238
21530
12804208
19921
48352645
21015
56073110
15957
57519079
41686
41347022
12061
16958946
2197
22258888
54261
29962312
8472
4574034
12102
8956050
46896
19590072
20010
17487500
24882
35371461
5134
8592713
47010
59492245
50234
10231937
30202
2518677
41709
10302615
12661
56671851
53453
12496378
48345
24036066
11309
45833979
56096
50113965
20453
34223454
20088
58375018
35308
57983785
31121
9302690
746
44992400
10328
21174257
36419
55537143
6787
58447852
46242
29979496
48028
40371928
1398
21877138
36508
49475383
24795
38572285
20434
39924107
12030
35952162
18699
55419128
46808
46809575
29845
50938661
27160
51703813
46806
29157431
7154
54545112
47194
3618689
30580
39788011
52945
40735557
16882
37351435
48669
11634914
19437
40424960
53872
27512708
53788
49210169
54478
26652578
7111
44161180
49448
49862013
55959
3995466
4572
11600326
43859
59407773
57469
26669573
19315
48007588
48782
54597067
20775
4117160
29971
7291978
15597
48887766
37897
31883966
35460
30900953
50724
54968266
55505
788588
32440
21490269
38291
8119066
45487
21683879
51551
14763592
10576
8472884
26677
40073082
30885
43044572
40980
54435767
14704
17754826
13368
4643141
11457
2447732
805
59137197
56417
39989509
33391
264922
52912
32876558
25131
51470842
19524
5556163
11350
23277288
23987
59420966
51103
28314512
26847
17658043
7712
18855553
7240
29764921
24978
6767586
47473
43505184
14618
58967752
29086
962084
21931
6200636
43387
52804887
26575
35957320
35069
54026539
50339
50337720
38431
28995583
24921
27708491
56977
14486847
55379
1448558
3684
49180714
39490
7297613
29878
29782155
25008
32695862
55906
4420730
45793
29832411
44434
18132425
39865
16408679
16308
11374633
57718
35927441
26801
50068737
55431
36897208
52786
34305329
55196
39739401
29535
18263886
32971
33240137
37494
34676091
12385
1945823
56565
6743111
38038
34055149
12427
6713730
31088
57983471
26850
40584144
37204
38840868
57431
40928872
59335
15614622
50479
3671337
48826
48420415
4345
24662816
27247
55608951
26749
58064173
14867
27195435
58600
50884709
16452
46342469
33380
36953519
58538
37494563
20030
39275407
19230
35918812
24819
59062770
16323
51958822
37620
23777850
26867
4655647
30429
55416151
42279
47333567
48980
11368383
12501
51661646
908
52119391
50788
41350357
17177
14523823
38150
22432900
33380
40626349
15156
8774523
51985
37315096
30197
54344935
3114
17346903
53089
50445262
44756
35386786
28172
23904920
6775
58279600
12451
55144647
43307
40051927
1612
24161859
59930
34112579
24741
42566662
40950
19216702
7494
10483364
47160
20631642
36826
49990658
40979
43087683
32310
32150593
55437
49136836
7263
4706113
43985
44516454
15780
33509322
922
41394943
49631
52740338
18794
55771997
50443
13143246
6810
59418542
47539
19336408
13485
4916277
15217
26079645
9101
43970313
37766
9117802
4049
23018281
13502
15267083
2739
1437154
44404
41638249
93
1656374
41033
45076119
53322
1350166
35870
23917611
1940
51889360
28489
9363690
28545
46226182
19299
21815807
33218
35073744
36618
25727856
7924
54457258
47306
20851887
23198
26633703
12297
59564171
28463
35180890
56683
38693657
24513
3128353
28259
16907298
41177
25986511
47271
38235615
8053
54390578
32951
9998764
56420
2189658
12662
43121472
15902
33393318
36272
43436777
57795
56066067
51884
35278171
23928
22673007
48962
35459700
51298
2961680
15008
25154946
23015
57704203
56523
16741984
11935
14892618
26051
3535265
47087
25535504
35641
47750883
6480
27524740
29279
15469940
50988
15968651
35763
57001096
52806
13518352
57685
11960765
41860
30465330
903
13180827
11682
19759286
22747
35047962
11809
42431343
41132
20647543
27441
39516694
43105
52359379
16391
39256504
5118
51102314
8833
41207516
26388
26007621
56125
35768239
42399
2751601
6509
15548961
2105
44508567
53366
41472413
49491
35411829
27561
41075373
54962
3534620
44399
32552090
31965
26068486
52684
31704623
8184
24137698
11808
16178043
52969
32170815
39884
41497228
30281
55234972
28419
8894517
2610
37755674
44199
39681422
18716
47040907
47210
3926306
51945
33841468
19990
42980852
45160
52483306
59581
30494233
49783
36874883
45186
58469017
10276
20079857
55429
41637143
50063
49997018
45970
38804626
24354
49845887
28220
22219822
30894
17437038
2200
58204090
27817
19836455
35024
39492014
44798
46563986
32640
6072459
20668
15176249
2098
12607842
2730
44947039
53762
51548178
36399
5370991
56507
23994397
24584
25824161
47317
11271756
48240
1486292
21284
27197597
15827
23655982
26786
19055342
52737
46996641
51038
2527927
32822
26654113
7554
41129838
46169
19097239
29752
18541177
37547
59950376
51963
977404
20881
26766507
16937
24109471
22204
29730204
38222
2425848
13152
49923845
51808
30809972
24780
46947486
43486
812564
5084
36529603
44799
8849741
25108
29086036
1763
17609468
56004
48967703
40789
6944494
51675
28570470
46792
26188888
12085
53336680
29990
7564531
15961
18386017
9681
3352919
57029
58443058
19858
19355840
39310
5815388
2147
40928449
16382
24054706
13472
21799259
351
52823038
56211
14747510
18511
21813626
11225
49661436
19088
40520875
34272
39124
23639
44377859
35139
8699112
37871
46960154
42450
50937487
12035
5786171
46784
19379651
44686
49566475
35533
57710960
26139
4075391
9228
22291324
37945
26365152
47071
28675044
31252
41361185
18729
19762329
23096
34708317
18422
53493393
59973
53984793
39938
52622727
17576
23896543
31765
26311345
17223
6556872
1939
28715782
47362
26716219
50034
6084064
8454
1044512
42777
3178134
56158
54646595
1665
11593417
22197
15061098
45130
40977990
37279
16863846
28691
4852105
1557
59133316
3498
42054897
50502
58975069
29942
41933356
54228
30039959
41513
24936625
5922
58293135
21739
18263102
31513
49847865
45413
39540855
30928
52198995
42208
26766918
14264
29539506
10777
44379996
42898
43087644
42397
57693699
28342
11660472
49341
18906630
20412
54735407
50504
8571706
37280
4226668
33523
43669899
57332
8135259
37903
24894312
15149
47747590
35057
53855088
29396
19865713
6062
29768919
55180
5650171
58654
21157125
28425
36714645
41157
14225914
40715
10692693
39119
41076418
39674
3191121
24617
50851113
15236
30208090
17163
58195376
21889
2904354
37314
39393629
26602
17298457
4942
7156714
33598
29980483
47894
59536041
30480
44362255
45752
48078637
409
52263965
20723
49125241
2802
19261348
16303
47043406
923
18114420
8446
56236470
48211
19820076
53044
19487704
37479
37958815
44865
5688820
23218
50811240
25505
32742265
59659
2853245
9658
47863825
57792
25162363
29752
27848305
4711
32707352
25910
33812159
35196
1647360
38581
26013869
19745
24108307
8233
44248584
15430
2206655
55748
34872111
15328
1966202
27613
855210
55033
9814124
5644
28944837
32414
8654750
47485
24709708
36631
55019747
36369
345763
7782
27538196
4269
8811254
49332
7108901
34943
23923015
18571
39647093
37452
3481550
11963
42257838
46512
33390648
58003
37329742
30389
34674201
30194
49064606
16102
30275934
57291
14778999
26996
12549993
29688
18897519
18182
45381095
35735
4809422
21815
55836287
13786
57759087
57604
39666052
3747
11733123
8582
19487984
57788
53088694
54233
42197729
43245
8808942
3560
58960349
4086
42078074
55305
44533283
44449
30197547
7205
56993165
52720
19101535
22465
49994271
34009
37544438
16260
50565810
21929
6433224
59082
48637848
348
23434737
28923
2111675
18044
54197969
7314
49912447
49500
12164342
29447
28376197
27913
30848885
31380
27323982
54792
31507483
58278
54755793
4166
23670254
9314
22424305
13470
28654181
31087
22976619
4243
44845000
7839
19578914
44847
29380646
15493
53554147
21351
54600877
21763
54468407
49232
9801294
27444
53657483
58669
4609941
14530
1912904
26147
9043826
37161
34008908
20951
41832576
8107
23417649
26186
59760740
13901
26915235
40120
46554542
41948
42578598
35620
56519495
48160
5231107
51265
55425579
29471
37296044
4052
54595943
19508
21361612
32071
18170354
39689
5764043
50432
21764614
17709
43159215
44426
1205757
48668
44592893
24259
36033540
16068
14889558
11147
13814191
27005
56066796
4978
20517975
7319
24055069
16012
47395064
6423
50730848
32796
32465244
27849
20923476
23634
8426856
19592
48616608
47698
35479283
19476
58622032
41374
45350064
4727
23341739
25029
57083449
1160
25961042
58705
52202684
43503
28842380
56411
58169476
11659
29209154
41565
33392628
13737
55439665
39687
40070155
55557
50712800
19075
45852916
57631
24786408
21591
12459439
9766
2160983
32491
26849413
10565
16292568
21795
5097576
28851
24194355
12150
13608502
53198
34892378
59808
50044620
21841
2482733
25175
21217012
187
25797128
58612
20402684
58156
1371036
25288
12507012
45861
14135649
39239
25785318
17555
55615652
6825
1688790
15116
2664069
132
38566014
27889
27584267
37636
2691359
8347
22371899
34896
7107719
3914
58117851
13397
40679011
52512
56989362
56224
55572517
23262
26955255
56849
26562596
35824
54130929
28696
12592552
6001
37165270
30158
23525690
16119
22768459
58645
24286579
23092
28148074
57722
53081665
48520
13872660
51234
17769666
32914
7454581
39608
31739539
27592
57372817
18209
49117570
26890
8884891
39466
30782967
35109
53934208
42177
2383304
3845
35404203
11114
13455192
21386
46486451
26977
52048719
37841
14835841
44273
7705893
28776
11389708
58220
30682499
50473
9854908
1045
41257351
50525
38196286
1303
52139803
12098
14272407
30057
53823856
21286
21271022
29684
17425939
2860
41003277
45896
16598866
37649
52849958
5740
50878429
46000
8913833
30024
38668800
44918
33261019
8280
8546888
27859
22853900
9789
7237175
16908
27109965
4088
55552429
532
3837373
52446
54997896
59085
40091838
21742
24541076
25511
17395416
7512
36622372
43735
22760116
13625
4400510
7972
3624427
47690
11839822
12960
16807372
125
33078895
20080
8634883
43734
34416252
49412
17108561
7290
1793158
34777
54780821
17098
16183242
7599
15220856
49343
27749965
29345
46104979
26682
38533416
34188
35305498
5563
53817041
16412
48018039
55924
36088285
17567
42141331
28815
18957901
8546
49722320
22025
27107398
9446
928470
30683
2074342
8055
8145154
49040
18986311
11591
57359656
43719
45680869
24680
21946778
31986
52896490
30431
3867478
15233
15021313
46696
4132122
48002
37991781
143
15493292
5998
22942925
38171
25099403
26703
43000039
13325
56620581
58672
30870983
949
6927682
25949
32454074
27540
42142414
6944
39373540
28005
32362636
18061
27462255
28349
19332989
18518
9008513
57061
22869892
50750
19384920
25776
43429899
35305
50076679
56326
47670424
42077
55722263
8157
24151703
56781
50420701
48446
2197923
1783
21227745
20237
32276207
33635
43871419
16361
36193268
51197
33334809
8708
36883705
5721
1872648
4251
30211077
19965
17050216
18802
16648468
49208
22415901
10986
36690660
18521
53615246
14144
43803070
19468
15309866
42747
8227943
54011
3544087
46826
29536664
1793
59064144
59329
12366439
25672
54179057
53458
38433473
22126
15604841
1753
18042736
12405
22760430
27084
9408868
45912
7587635
39107
3863699
21631
5222610
10668
56919959
29004
12065892
29220
3387868
8593
54399657
45609
46595248
36891
34019516
9159
45859163
35598
48498437
13516
3053210
53066
50854869
28464
22573132
7067
14509264
37964
57723683
24377
43220249
25605
36837217
30635
15706633
47414
5849163
33887
27238243
41493
49727898
4883
43174433
46794
11684084
5977
22124924
38342
7018130
47661
51053748
17507
6637177
7865
12004178
38226
29324051
51413
22908546
14705
13386119
10939
11980479
52695
56796901
55458
45709714
23747
30122482
14617
40381425
41135
15884791
44973
11868370
59349
51099794
12544
26507730
17724
30139529
43661
16017128
29053
26555456
24856
36612379
4536
56552374
19816
28782570
32791
4690280
37960
9912551
17072
1183552
48077
41472185
51152
16265112
49445
5058489
13237
42786953
3329
35451059
48605
11696772
43282
4151075
31913
27368619
15449
38480522
13953
52750716
2264
12393182
19518
5843056
38607
41677433
57365
29532498
34898
31493588
34608
24842265
59436
26226853
8982
50735809
24827
53087404
1910
15841040
6061
33450204
19834
28784233
7580
44594758
54849
9528728
53850
45446952
426
52866128
55358
43239340
32402
13410038
1155
56595683
48637
36283196
38400
41018507
40964
59949238
5592
36173272
26561
52725412
20600
2009666
31309
31987764
17734
33581887
16633
38545505
25976
40529069
59387
44110960
3436
7585639
11426
35000144
5914
53941114
49757
13376585
3902
43307340
32540
57119788
48171
36666034
24659
15487722
31873
33051633
3011
47341449
32593
57288304
8521
40165114
26133
41876686
51418
57588848
2624
43903259
7866
37627989
41352
46056849
5738
7824834
8203
1598573
5440
44843881
59252
54801370
25715
48411056
27719
51694395
45309
41900426
12273
14955199
53262
11506668
41857
31535634
3713
19718438
28837
23967258
52791
32035785
32802
22772088
55942
38073457
44563
22262475
3756
56103446
30111
6229773
20586
24624729
2426
59356759
22849
31930445
37575
28742758
17031
36810067
32177
47416393
19748
35565052
39479
27514303
31854
20067933
9503
22934773
29477
35606327
49814
22475904
18755
59700461
15819
3565283
42333
10362817
18325
10802350
27890
58953403
59002
1914949
47951
16389183
19538
51176597
33267
25048113
52991
51636680
1994
43817206
2287
3641689
11609
10720795
8154
316408
3758
46661009
37789
41842694
12446
14033158
32065
18576716
54391
20415958
39708
14689105
13906
27638498
52203
22322480
16800
12240152
38894
14874950
20632
883741
58024
47615803
42993
39110342
3217
41880048
13143
48461905
43385
7539397
6678
32108203
8732
23066207
16560
22925759
9296
30193392
51993
49047681
31569
52292990
5935
14128099
10976
34675212
8815
31057934
1168
1569795
24379
28751344
31924
58810965
6136
37486565
22925
29641846
17560
19354968
37570
13809352
25472
43404154
52854
23020355
9372
9538595
55080
4573144
8495
22855262
37921
55928151
6857
54918510
10285
21186233
53403
18996
48232
19011071
3558
52383929
42883
3566276
40971
21140644
45488
19369845
38488
39373005
11769
5315067
6422
34567742
47850
8069348
42170
29097897
16998
19584596
51267
44558612
39629
39941732
47913
23057996
26476
14588138
4257
57315750
22339
17538524
59047
1236086
13116
14358636
3960
32366522
480
46061290
2404
19198754
43711
16242018
7226
48346461
20262
22534496
28254
42884330
58573
36936320
31526
16902265
7325
3909000
42481
48977381
56772
38860447
3232
22295529
44044
41322172
29158
59899877
3486
44952859
53430
31185327
9976
31185588
54618
7587009
42467
872020
56172
7496015
32463
40136685
59642
34265686
27283
26673694
47618
54926661
26620
4710497
55640
24529612
6763
28373261
14364
57401242
55153
86839
7837
28242961
41391
48165281
20604
21416547
10684
40606070
104
46770389
40952
22691070
58497
34771304
5774
50458097
19621
57332856
32407
2551217
4841
19524892
54002
14402770
19386
22518696
17051
4877781
56269
15272473
30967
55109175
2474
45808308
27597
51369639
21960
42266614
1066
19484619
53581
21001000
47796
29976294
1739
29176637
35279
36270923
3090
20267356
20744
25142737
38604
26390487
28938
32763595
35459
41895683
49840
2763080
50695
4149241
25088
45110812
40778
15685393
22319
33043904
7862
39402999
48095
37769018
36418
35418418
40644
33113291
46491
38863735
3334
23456299
58753
51661512
54241
39465518
6237
47992275
11503
20327748
13850
36795051
16346
37536578
15771
27600988
3138
19799060
33819
54993160
42669
36157312
8442
41318642
313
27331856
28756
56025039
25889
31105649
59960
43670883
59705
24122778
42791
34985534
5274
40435097
27782
8482987
3370
30924183
18457
22282036
11026
46022789
9668
30984369
57446
12416126
21395
22555981
55269
46535121
927
46003149
37299
43537042
21839
39463858
29771
58790722
12202
51019302
40599
38620259
59138
34626649
51840
33662336
18702
41970628
12138
49203041
10169
45874043
55545
13373416
59627
33877407
19260
28386122
48569
50391711
6528
38787949
24221
54828306
33963
1060918
34902
33737699
6994
33030211
54387
16383062
40863
36387
56576
24026626
5405
7973227
39670
10248948
46804
24389259
34795
34240228
42294
35111042
56432
20621496
57226
26335472
42751
10347631
30539
23182921
9566
5824747
55673
23889900
58420
10354212
17529
36671944
20836
22828631
40672
48352835
19227
41125500
23102
7995335
14589
24649129
2602
22161338
51381
30190894
17794
57390870
21270
14174932
1482
27897857
11726
11569569
50759
43122292
56928
40093561
35416
15837872
39180
56814439
16469
37159372
29171
10371435
54395
50718725
57585
5711612
28765
24704115
36759
16021640
55120
35092647
8037
13428946
51155
34031827
55990
42871814
47253
11271958
5679
18593208
23350
25727179
14078
15979062
55544
15176787
15181
21118541
33196
56305759
4398
13029760
39325
28695569
941
47818173
29415
58087270
15325
29566456
20484
14064548
15154
3628072
39066
49270597
33115
44985643
44583
24197370
24461
59710878
31393
22896626
50379
4862919
20564
29486639
42816
20139702
3087
29062578
44967
53965074
6127
27483890
22709
29918292
25738
50509390
9333
3953505
53391
36867506
55049
364866
18838
22810137
6672
16955179
35583
26663562
18881
16659773
55622
17757687
51841
39560884
54959
48724916
56247
55169160
6838
40303357
52884
21519784
14169
26285499
3037
9262353
2074
9106870
18103
52772284
29447
52216847
51205
28301705
38966
54262560
24077
15905468
45305
31535535
21987
57334272
59294
22453934
47415
3406660
15822
36471983
51351
3618903
49642
37198602
51094
23462450
28719
43386935
21813
21955575
51302
33564401
56330
57384514
18145
44761477
205
44982524
19776
26075087
52252
11679799
22330
43049919
19141
16229787
20624
55576194
42204
7342675
35142
25448896
15944
13585614
5051
10467644
109
59022436
56715
18272246
59956
35815174
32442
19540247
15685
58936689
44537
15534401
10678
22899181
22413
12803678
3297
25737260
30875
16847621
43245
42806151
9702
14465299
55349
55236391
10787
36342793
5018
44123325
47663
10132506
45447
9577246
54338
46909264
23269
36953301
5823
35171812
32309
57800161
7890
59338011
51037
34446081
32079
25173303
40063
47282767
45056
27447305
5257
19084781
12344
48723030
10427
4039262
25657
788650
58006
42000642
23470
10428446
57087
37541286
30052
48221
59702
42387621
38462
32204858
28
20426126
9337
14846734
31245
23584851
30960
40671229
14192
24225864
24081
32987629
46804
9661771
24509
39654566
48870
48247751
19781
35339073
17750
17961893
54086
44154261
59599
40694330
39304
41035398
20240
19616419
19328
53694005
57340
11924001
13204
3642243
9592
46084577
25293
46879395
10779
28347928
51544
46686673
6476
28123194
46904
34101911
1102
25230961
32429
37363735
47025
6922281
7874
44270542
41961
9820264
45430
6669763
5704
38703787
8961
50996805
32090
26284382
5826
16132630
5699
6094846
49379
22923155
47042
52297499
59777
49635608
1577
48250276
10277
47636890
12793
53951129
51599
52620665
58361
50727397
37910
1217442
13413
27620486
42953
39974622
30024
31221085
26970
38718750
40977
42246455
15162
33196285
27339
5985899
24007
11908580
8406
29251108
57969
42684211
58044
13195064
50786
18409480
27502
23906385
457
1417245
48970
47866286
58077
3825748
37759
59675132
17001
39989123
27630
32146288
54238
46932238
51697
47518500
50878
39583677
44575
13968773
13482
28217630
37467
32833007
29866
11684111
54393
43594670
20194
3343437
27280
34093844
50706
2841038
44867
50643553
21170
20723480
648
20613258
48516
22779296
18662
25498546
59386
48049217
9511
2781625
44442
17282893
53201
10513887
6620
55162824
39871
47826608
51255
22949457
4380
11919663
50842
35196205
3559
8143274
59496
47072754
26251
37137401
7159
16456435
1712
26931501
40928
22009937
9487
35495527
39840
8887561
16970
46719887
13577
5722403
53544
6762538
17425
22619074
19282
6196384
30504
43549354
14868
36370991
58573
7775329
21803
18204501
7366
26167413
28572
42241811
51914
51628144
52043
35924661
27186
1471716
23791
45381973
23883
755279
48054
7268585
45025
58453736
49827
51313410
16809
51016866
23739
20219192
5443
11413013
46506
30401751
14426
19207056
29573
18888290
51119
52642260
15689
4495822
44369
8049976
6649
57538827
38928
58969247
2390
43714611
20437
39450476
31391
48856049
20283
18173862
53413
58263938
19745
28654532
16478
50409270
36211
7078684
34663
21476914
33907
25693630
33126
5812927
15585
45548488
31012
6482954
42318
40798351
58895
19496803
53554
22977547
1720
12571696
13028
38817243
36535
56115100
53479
47108532
47480
24024433
21100
37796349
1288
12416102
59025
47904537
18454
7851439
3644
37518976
19006
30314683
21231
54307950
39873
33912346
42908
2750261
17697
16396208
17221
41069212
55513
29661398
14229
45642863
21292
50970283
49630
20564052
23890
39264227
50370
29076904
5970
18271120
54217
9916280
28533
7447190
10955
524674
52334
1181681
46936
2805780
33844
50878121
37994
15219340
56546
15265363
56487
20647077
51253
44090201
33860
11226472
47660
52021553
10510
30455085
17495
525021
53198
50950489
20903
56661229
41713
41657280
16174
5999803
51944
26539437
53764
39562759
29635
38602496
2755
2678522
6478
24364877
31206
54209078
3128
55733383
56144
56726056
33922
7206158
14410
9676578
21061
28898565
1769
55557715
30490
35902624
8248
18052858
5681
12089859
7118
19221344
40822
26789344
27373
42933792
44968
6859847
28880
14628573
45378
49192731
15911
50190707
6856
44620969
7406
57889668
48126
13720483
34092
34470056
18506
43511383
12419
37634024
26716
41321566
43406
56891113
48688
28137160
56097
41251126
30725
36829422
24437
19452985
32845
397628
34976
27068591
19793
24686091
19328
15991943
39514
15428032
6146
45613170
53015
26545111
41902
41577438
44602
55489913
39617
11846596
4655
39485596
20831
9759324
53183
27046205
68
32022088
54826
6806752
46242
14751372
17159
21676105
24201
37716785
13424
54593798
2849
28640293
13621
4902663
55988
6115831
5753
42186372
47851
53417658
56698
42500887
52711
52035615
1742
50999973
36046
26463576
48254
54494068
33498
59393464
23812
18677767
37603
37703646
41395
17428656
8954
26831311
25851
55366010
50697
12632799
10662
35007922
6920
30466689
25077
10257387
54036
53663323
43595
29184763
59451
31803302
18102
10182305
55692
34444175
19308
40006972
42674
36316611
27311
32815137
11525
4179102
26101
56425385
15775
22763780
321
24167970
18808
30302282
37221
5271207
26394
15017674
28199
38314301
41556
22789256
24548
16036425
28278
29680535
21838
15954914
2893
7986762
55358
59154587
20795
9506931
53375
7825999
40297
39904087
42070
12791743
23490
14152604
16979
21589716
847
37801712
32311
53348447
29227
5301788
20289
22217406
9865
360853
20389
43394074
56106
40649374
58262
13650494
44234
36286863
46755
5706430
58979
57676756
58471
29942214
24353
44313917
15159
47193687
12783
31221378
28295
57423962
34694
41010348
8427
32282282
12758
23105645
7865
23579859
34580
7931451
41355
42172880
12292
15171367
13791
12027480
23377
35284347
6785
16248769
53527
59698497
36915
5683793
46126
30891846
56718
34130713
6422
29131024
46441
44942473
2313
9821604
7628
53432548
58062
46029498
55703
15757033
59718
40597450
44924
41315755
53303
34577571
3481
37052586
13144
35804824
56350
3683176
36547
21796700
20091
45870249
38084
19333175
27135
12369149
23494
11134960
40832
50458001
51931
36856707
10449
47834937
50944
22810174
18660
10310863
20863
41510422
13417
55559905
31656
34250220
34236
20145639
32794
51524846
25124
48378238
39083
33860235
46574
46953999
27200
21307504
36014
5001659
59045
4638721
58950
6599011
9249
53465533
44779
13568398
59068
13616373
20177
46429993
13981
2168676
15909
21058070
74
799985
59962
47942688
23627
59208035
21330
12589266
21119
40412412
11735
18726587
51692
54573824
39801
35835500
49883
59470603
36210
14324436
59311
57247153
39506
35952823
5938
9477704
617
20554990
40062
44851063
43077
35185118
48326
29736344
35497
17207777
16714
5335427
15879
3575100
45277
30305072
33460
24224632
13147
56855126
58154
52502570
57251
37382407
6696
35911230
59421
49032481
37326
59589934
39576
36490401
38456
56298409
41911
54406417
36969
27472852
27682
57904983
40864
6539161
58722
22104158
44729
1569700
11057
38552779
47175
8310330
26416
38561542
6780
40174707
37583
31278175
23886
21993626
42425
19264314
38817
45848683
21487
3956016
12841
45698834
57973
2921034
25354
24626994
49832
4938489
49468
46445560
34514
8412030
58441
52683023
56198
22217945
41645
29971434
59166
11078138
36535
10363032
29249
43132331
5198
50714458
50370
40928289
28694
31688927
29224
51862191
1056
4366408
41235
48598478
27753
44755182
4680
30215384
17572
39529694
53594
8741628
22874
56771784
54889
43458310
21184
52355267
35614
44259792
1167
49565539
43387
32779131
53331
23515921
31928
42687112
57732
57388870
21362
42849091
56539
46839796
54430
46546246
33771
47863525
17075
37117334
54755
39450553
19254
33089470
59381
34652983
20478
10337958
32408
3778813
54525
25812062
54049
46732108
17848
24229508
35332
14356449
41571
12186165
24489
22636058
39597
28290952
50871
17431061
29830
55399964
50917
24908621
30549
20202059
18353
56714508
36651
38154285
37868
19285765
10012
53947367
28583
50175940
8956
59139726
41891
20838578
38808
59992980
5162
21544856
53965
51640922
33213
46467907
56627
13569706
26134
32265987
10316
49985192
18427
36964880
29097
11710795
5518
1097175
54026
56534450
10558
2287879
24783
27116983
53257
4029351
53366
13594160
35872
18197444
32357
12124938
3006
48201941
49026
13495015
832
19653943
32586
8790164
59311
10328539
11368
54752026
49430
34800309
10612
54528202
46083
14791162
6224
57854192
35800
3478045
7395
55297228
40022
49634220
8316
36298430
39331
47756616
17805
1542368
59324
21336486
50589
36883721
30278
22695437
8734
44625155
29883
45922617
25601
59245410
51794
14502173
11217
1796171
13470
53310618
58539
36501636
40263
40701338
18952
33561555
14996
43442907
9512
28700759
38293
46978607
31430
39855929
31139
6480094
57658
5417176
13387
21339109
18295
13490544
44264
29253227
36769
57793878
23252
43751187
520
8171237
40207
47440692
17914
4400177
3863
18515990
39236
55290934
5533
25909978
7906
48022301
7259
45337114
29694
27647614
44999
58695385
32068
12101796
56013
58344586
25663
43107245
16979
22828989
58342
58727123
28293
6218797
34393
25767754
37367
54320557
18594
24423839
59731
58822400
49557
27989890
55876
55779703
8594
11586648
13943
54300899
40105
58592508
33802
9584012
8996
53766947
50233
34841260
8585
46441310
47560
2040170
44510
19902848
12452
13569868
24214
50498314
33454
23058068
19933
16895135
56705
54980431
27145
21955574
35975
18611044
13964
19266319
52375
56438598
56409
51422285
28900
33462257
32079
43463243
40477
20384989
18932
14087621
13004
17574925
37513
17191228
5086
11764477
14303
37416201
47374
2303033
24300
42914153
46964
39076828
53729
11518265
16600
12730065
22603
52657486
56266
29021781
1293
20193853
28938
28468392
9727
31031882
49424
19926246
33447
17630152
13264
7100760
56957
56754256
24932
28535798
4999
11038638
45838
27251532
39242
31874757
614
13339501
7715
27453599
35974
33647166
6640
12143339
38838
44390124
27901
59990986
18823
39877960
40215
31960271
51366
23476816
581
38156733
55874
48149697
57794
49772495
56341
40603241
15225
1749777
6592
48484832
24158
40462852
25340
30369186
23706
6564548
58147
48654857
23989
39659893
19807
3813889
23068
49256182
37849
58088464
26089
685848
17335
25280433
33947
28013623
13315
3992402
32281
9658116
22472
15826808
149
20401728
49653
11090725
36669
58207128
31237
46513830
8910
42996091
52598
33533442
55478
14798216
30718
59561356
25537
19127891
8599
58206688
14389
29148532
54579
6650617
4181
30550990
39444
35271123
20129
21925557
17168
19198071
1665
15471366
52118
43134296
25759
42788481
2129
46385271
19496
5880633
20222
40983588
57032
42460536
38753
2923863
56977
12449716
5926
44573937
55426
10915334
59458
36874045
27449
33122103
21024
57271297
30563
32393684
1612
5721407
46881
15036181
25320
722491
51291
7778673
52208
57175876
10862
26501521
14415
53609617
16757
3856375
23316
56967023
56904
3521400
3064
23822969
22232
35859431
3414
7290194
26996
35623544
29022
13406042
17693
20627001
47555
46092085
2366
57825690
58657
28794016
21497
39611729
20688
26019030
57174
3985391
29200
30272661
55400
20885567
56597
17784402
33405
8426665
36545
37459501
55296
19520899
53843
36636141
30834
1009425
46072
2283794
32871
46851015
11654
40675302
7857
56942812
53296
59427260
26770
56894105
46153
27433794
35372
24289335
22878
51198889
47939
11501826
22914
4950818
48401
46825937
32308
38144035
24036
33079602
33616
1391557
36093
12350992
25659
44657691
56822
52028801
20344
35219762
15444
38368530
45351
37903563
31946
19672843
54260
27521557
16890
10577529
34980
42134889
36769
58645786
42540
16317822
57293
29568888
28833
58286555
12232
22767562
16604
14972152
24850
22854115
40322
55288079
20891
26249319
47311
54355574
17977
14919753
44937
10140325
58406
20055661
39442
54106303
12082
8688674
10501
57326188
4667
57050740
8733
22233726
36949
57809996
40213
53635617
48634
53955141
40066
406956
1472
29095019
32402
33281333
50065
49986410
17940
34105721
36398
13598332
6660
33456785
58700
5186569
30861
25450862
20352
12760765
40405
5902235
4389
42671660
15396
27060319
40290
55373383
56386
11859041
53193
14917027
47937
25844798
6115
8499286
44764
53443697
45787
39877100
30250
12249227
31629
30375059
6270
3587045
44934
16171661
14313
14751247
27612
23390161
25467
10590736
1693
29992269
46516
19289267
20704
46217251
44422
56338998
38750
54314063
55555
34791636
32378
26983201
17760
36743785
56684
26903306
55941
