13980270
36363
15987781
39301
12721393
35895
29914808
7993
17992185
14569
41992832
32584
509141
72239
62943964
39126
14175203
72454
6327090
676
63320417
6907
17328665
44859
2590973
12375
59545737
6795
19156102
4901
58533202
41440
71594404
64481
62970401
70823
134690
28139
2152458
52209
12904780
55973
26811194
18151
39851619
16763
26368132
22565
32903142
18226
69127041
53070
5853957
32807
17342038
66074
14025550
41462
23142752
36872
25049963
74958
43913135
73043
2243182
63426
64372888
72447
25861397
60825
49891530
40888
72994005
73228
2038560
58440
48826463
67714
2162319
58117
18164941
4770
16176629
41835
45991476
45753
70151762
9284
59828250
16391
60747388
56836
19087850
19877
4975116
68514
6788160
34967
39566532
42785
37287068
45485
32720309
4292
19716947
71015
8792694
12695
23883545
1195
67550873
4539
65416214
67108
44445219
13420
3248318
53000
28936481
12429
59923261
30563
9483042
60712
55562948
43064
34665406
11039
22548893
52209
33314079
52918
59268274
61668
33261857
74203
55745752
60742
2031176
15298
16418481
4574
28999362
35343
46653151
43430
19902861
56700
58323648
71129
67858203
53254
7344016
591
54348459
44925
56972021
69739
69191838
72883
29728336
47555
68512836
20155
10068205
19506
16497779
51745
61209224
74688
35215112
72583
70352217
63071
1592687
59061
32130186
69425
31807830
58703
30037966
63088
34027261
63226
41149309
49975
10318207
28785
31292325
64907
47409700
47205
2848288
24683
44744027
35185
41959655
31718
34556798
23964
43064490
49897
47619365
47297
13264478
11151
63382021
47883
25682529
11709
11052616
38750
45124615
7566
4298734
42904
57851255
12548
13426857
59349
56127789
69453
23602391
1360
15717579
67912
17680123
32692
13343365
19431
29451421
7420
36561613
52491
47737829
56182
55473151
57670
36042212
62724
42758860
44976
60994894
16366
14174976
61663
16785336
52576
14237845
64336
51652497
4072
32447087
65610
23856557
18334
69974646
36194
1554930
26338
55274409
17257
73431152
11313
66624632
37512
2713344
64817
57189744
11201
19824723
59145
69405011
49834
31932993
61003
29575660
3541
70326587
70149
18882381
50923
19880827
4099
16640340
63835
35226040
73517
12540586
39957
9961674
32168
7344122
65943
55601243
24948
52977703
15615
69088535
57691
24134024
63191
21529765
44173
62977476
3091
33151180
45782
16087777
8676
22580809
65817
15109357
1496
31930555
14283
24875624
39922
7611591
62550
20861786
48127
8397173
35162
23341650
43073
45153674
1463
50583072
29017
51848681
27273
59088361
44083
8167590
66628
26133113
62829
15570127
61378
44019778
44676
34915556
60530
60980121
44000
5695169
63787
37113256
48260
441030
61676
46890828
10941
7315492
5242
33432225
2263
9965184
7272
34157669
33195
4402616
28365
34390452
42943
41229656
36667
38337256
5206
14758999
27113
62024299
28486
61052271
49838
20854706
47501
28542959
49443
49865323
49972
53817384
35585
41550113
2519
60945228
3900
38859246
42298
21424170
63732
26212923
39314
28701716
23915
18087049
74218
50789316
42295
57800840
28623
4930587
9666
60620846
63469
26386454
18779
71296821
13074
73036780
24386
52019320
24706
63116328
28307
71002188
47409
62263624
66936
68955208
8196
16561345
34498
64333421
60843
42191045
31396
7705642
20471
50224019
64356
30313218
1398
17106815
33590
19191607
27202
72695152
51977
53397696
68281
25652536
49105
74494497
6214
59622808
28186
33165703
70346
11571234
73668
60707431
44519
25951683
31694
56748105
5473
52247157
37113
33304792
14517
11614910
64505
11044241
29001
24251942
30423
57140750
61362
41284802
62324
60578630
49824
23216978
22173
71386058
31899
22371856
16495
16674729
55566
35955641
9360
60272971
11307
68930279
21264
49478671
35779
14449782
38946
62250381
65056
12782383
52280
15463852
53200
45101710
16395
1280883
14075
38802219
4920
51443027
43156
61055958
2068
26501608
39675
32988238
12829
732291
37504
27419083
40321
6100200
16324
36825958
34796
40424286
3615
65963100
59461
5016
3211
42267076
47930
1594542
32228
48491248
9557
22400408
24899
26640825
65863
37374612
60158
60003920
3697
60078177
56439
40662965
4812
56123537
71175
54751964
1285
64268087
6339
55456709
58870
46869106
69547
65891910
27239
47653578
15004
10269591
3480
30186685
62496
70834044
10947
29990032
60511
34987770
3913
39110480
35794
45374965
56271
1335552
31559
6401742
44001
65823733
9502
16930296
16920
67739426
1068
27058848
2603
38898266
19144
47661727
73658
37021733
10587
43212695
27503
63138562
24972
54680973
12324
17200959
30648
34265567
36425
57707394
41012
41767661
51323
61983444
74744
23297478
30502
21939664
18627
7767844
6045
19621920
28144
45789475
39640
22575704
35666
34284919
15791
12094005
64400
11263583
21837
57067923
64152
57155011
34928
50452173
63049
4498502
73723
49786083
47977
53947487
54507
42121760
73907
14376955
60603
37852822
62416
32122411
39723
73243597
434
26153756
69618
46789812
11930
61124444
8641
12244847
47829
68792917
46108
24284556
61006
28904221
20570
38716825
37200
27311304
26968
51967056
61876
42881354
50294
72709720
810
35417366
11654
47900936
28346
56388081
67596
59078120
16979
33953733
4245
23903050
20447
43857354
49540
43108091
29015
74613299
71257
60488201
48532
398499
37541
24716860
2379
70305157
19187
3431832
14497
10962291
54377
11860642
52819
6269869
36365
6589625
12790
68161817
51187
13584643
2321
30588410
49291
32141084
51218
55474112
4453
31950704
67973
16090428
8168
16786418
5727
74705309
56744
21551516
55431
2478783
7923
23408381
30818
33133999
66086
10314515
66978
54026487
9724
56723145
40128
66787295
30864
49737146
56240
15285888
57514
30144668
48017
60517654
31279
39748436
27732
10343040
41445
18634678
23478
49155066
18952
62146412
62923
21054943
38074
70196049
22237
23409223
1778
40189215
6806
8854060
68963
18221894
2868
41862539
24064
42852447
70108
40732248
68385
36466196
13999
51673914
47448
71840869
32151
28332272
52828
61653868
10106
24116743
41418
19935326
61306
34005313
23955
33598675
51590
21969368
47106
3192180
36288
43558080
41847
44952162
28275
47723576
69661
5139208
38029
4696885
2648
40902290
61040
52009106
7266
53426846
69140
21074757
55403
25055330
70878
14680523
28044
65068458
66617
52489362
2357
66600167
66329
74709172
67160
31836829
24166
63553873
20404
36633101
58391
55244134
65601
15923262
61589
27643963
15254
60985316
2320
20073413
24621
63793935
70048
36003128
56167
6705220
31900
52490362
47104
22435043
25695
52378389
34281
30318529
72717
31676097
67870
2275241
61160
17439982
31691
46140084
22800
68381801
33834
26561617
54874
29634223
25307
61070346
37465
7881251
18827
39429532
42878
73389639
49219
57710916
19471
72519336
6433
51812911
43491
34277099
72440
34799066
6288
49801165
22992
27156965
53080
66930462
60053
47507310
57819
40299070
48479
36146667
39492
41099423
68821
45439931
4613
14901165
11988
13552375
3274
573781
35874
3078033
59310
66205603
30416
9362716
70767
64394937
40275
56567115
72547
2944438
32604
32444913
6800
1808036
22623
59808025
69008
17422993
20658
3710305
73331
39813896
73364
20091348
65117
24784759
37943
17263329
41188
12645564
74491
11582215
34604
39348512
33234
15111998
37085
21482660
9041
53653091
72583
17613996
26909
21571743
60052
751049
36259
34651863
13703
46338185
58558
13468632
45842
53153120
51368
14431693
58774
31860778
35866
38322137
49959
26738908
34049
19278713
12957
61712192
55509
31728745
15239
10580256
35293
23617490
29349
10775597
50452
37819160
45696
42649879
44210
50176282
1481
55684302
28607
3516045
70028
48293496
34304
1758554
40795
34369805
27582
25827645
37280
21834186
37485
41675738
60496
40463931
5330
54187549
33270
29274695
56312
60922095
5794
67991881
65780
910943
44124
57789055
50642
68995538
15673
6907706
1123
72383234
42790
63136960
52883
67039500
21936
45496879
22457
7517765
49033
28799491
63759
39586530
27481
36158
53878
62998111
17912
43984607
4562
21185783
12410
34822319
36603
255148
37950
27041266
65405
18734834
69112
11592695
25343
74360225
2860
5416780
67844
51013863
59410
51541312
12538
63963269
26765
63942738
5695
55554904
16526
42417357
33962
21149609
62623
66795863
8956
8865581
46963
72053693
43363
41739119
47311
45289838
37746
7804574
28606
11732815
3149
60039397
74756
27303480
42667
22292844
42595
54612807
68250
67917826
20184
34468232
47426
27490613
57273
72293155
52595
12135764
62014
62724773
17034
58622642
52630
23867575
33507
30413939
32860
3926102
73771
18303247
38239
43182902
3107
53634038
17490
63435224
8294
35984231
4349
19419608
16355
70401903
70696
46822396
48055
28920278
54732
67999825
31630
59595930
66697
10809740
50915
67202383
49862
73236884
36087
34954341
2837
36438106
907
40066155
62702
42538796
63913
22478605
28624
66909182
23192
5829225
565
41284795
66499
69089436
21538
71849441
22489
38671386
66343
59564101
72945
27248481
39602
15467080
1493
28524550
48970
30573368
64223
63090170
74688
73547015
53795
9063285
36466
26187786
57319
48885382
71855
44995277
69834
61662925
952
63508081
49419
60197697
4455
51399450
56146
7970038
1512
14150614
38187
57951805
17517
5269148
55085
1515306
49984
51011338
7374
19441414
57914
52595310
26578
72019414
16859
68011960
65052
10667320
37767
20556211
23061
42828351
17281
44840178
73212
65120278
39846
16161041
62642
51679806
65856
65069685
27748
16392095
952
8343108
38378
52024065
36121
6328677
11620
55100240
12841
23266954
55329
29138980
54473
10532436
47505
30726909
20298
14473126
40970
46418434
3719
48132659
65669
16385155
50232
44945138
74417
59059400
68131
48919524
16135
41435751
7801
24494398
17175
61443389
45718
63076891
42772
33101771
22627
46458225
8200
37009060
37981
66270457
58175
12513313
72380
19145518
47818
45701275
64331
54000741
57748
17689580
70260
42595378
56479
60708151
20800
47118312
13809
39629202
44619
28013054
27352
46354664
30619
70113434
50984
18940191
29785
3425961
39962
23426895
33283
26894310
8679
39334042
40438
18476832
2964
7539604
2268
12427499
53093
28369606
8597
15455818
42110
62226965
4469
21457604
18291
39527835
526
68779909
58565
47218841
37798
46233141
67307
64785895
7476
54381951
40392
18827706
28216
26855180
71174
56749504
72868
2256767
24636
69313758
62703
4360182
67945
56757223
58879
49858513
66109
35644889
31174
6411886
51626
51336403
31555
56167787
32953
7117556
16111
42734693
14365
42402476
38895
10272843
864
49838362
3959
29182586
28309
60356598
21123
55336550
25780
38102946
23762
14422537
43997
20005242
29218
54556806
53318
55436906
38806
42708286
53961
37166558
44773
25413117
19142
74386568
19649
18140240
55847
46432360
55227
25141704
11791
12111253
9741
54592084
69915
33827693
5556
45356855
51937
59170032
50629
30881470
12163
48660538
51979
23715484
41021
25450001
54559
15295460
111
52485989
19453
74260084
3030
9772009
70582
55941026
65858
55969215
39829
34820464
8948
45447529
27351
55123664
37567
35728719
40625
41944900
24201
41500893
25492
9125077
26252
16280844
54954
2710957
20417
1733909
66314
68383591
25985
34883257
37368
41139557
45633
53452983
36160
17764077
54259
68767795
55806
74904318
18076
39171476
31227
21103633
45475
65579447
65909
74659528
23984
39528344
42023
56916637
71068
26720281
27097
6114033
57158
23324418
19395
71275693
74546
60811066
67169
20038684
38669
67364382
58673
12065374
3769
72075823
19495
19298301
17681
39476974
4789
37350417
44348
10814439
13110
41423692
30689
12393911
9194
695862
68639
55735737
31441
55003488
50174
8563820
4721
62528904
11057
39268328
28754
58577198
51720
839180
13070
5769232
13364
74478121
52275
14428449
52526
511819
7305
51754233
23439
43896158
73000
49052166
64242
55354191
58012
66041472
69514
71547381
62167
23060983
736
37120859
50749
60340162
28860
4200390
13171
74122729
53942
55676138
44249
74730328
69628
62395177
31502
16673832
18823
69192852
7231
42266589
993
32287784
14974
58677948
57211
10260183
12170
57469353
23785
31613456
74275
48936697
57729
43334376
11875
57467922
32274
16857777
39400
73066937
14632
72318391
58692
20265372
41257
26245742
17405
71758069
41217
562974
4103
57788642
69131
5735208
52506
63670051
57612
72662465
68682
31565201
56131
46530964
64815
69706818
56406
49231624
34954
55130208
46751
17314878
60739
33980495
38387
9051520
54783
52011856
72804
46048219
25104
26159329
17230
8836577
14730
69823486
47548
4091137
11579
59169178
46075
32323527
9970
73663663
41826
51405590
47528
69595557
54539
74786909
71307
18191475
65307
55227849
13491
5798108
33265
23973369
24706
44335270
63296
70936842
9023
61464320
24549
18038765
49910
50723060
59207
15666978
69030
9962709
31915
73809625
57749
21515493
38348
51601777
64406
48713122
50103
68698955
26534
11294430
16439
4919225
18586
45371528
65674
48275345
69405
54543145
46037
16665917
24452
57704073
57299
47005030
52711
9964696
56145
40046656
52319
33451632
13593
20537644
74686
70368254
33682
54942556
33510
41047028
58112
40115465
57567
72003358
58424
10372361
55012
20028585
6817
68409850
47002
56217512
690
51533829
2241
5077996
36045
71003435
16785
3139594
18487
65585585
55831
64088057
15450
66747934
53727
19253250
62316
17573810
21186
26444507
45750
33894386
54917
71965666
50429
71258824
41557
45237208
69448
7350362
71596
32578171
69976
26687043
906
17381604
9407
48733110
19977
23394863
65624
69437333
36976
48849840
1464
51576555
26325
42209244
55022
58625655
4734
17565436
71479
3447548
63914
30101319
41439
2614917
40627
64290089
23764
6771333
59219
25053074
26330
5957778
22519
56783665
57661
11602918
63105
15176288
22259
19272902
64824
20016152
60454
69913942
42733
41712099
33499
42631727
62027
49595564
37735
44553868
6157
55350245
977
22923165
36587
22335853
32539
24297963
37783
10767707
43428
5821933
26643
54847292
52343
3826703
66764
57798199
63958
31028143
74938
56924344
30048
58819306
24810
74362103
52318
2344053
3515
36660010
24057
19344185
70296
53943281
1560
3598261
71051
71768807
20567
10494088
25058
37769587
42512
22646756
50472
32668222
37849
6560444
11677
48172248
67834
51532582
26047
53226630
11790
69455557
23341
11378603
35024
28583927
65122
9078363
10316
29914246
26692
20688056
49277
29625338
32729
6197161
20952
73741507
67059
44737375
31371
7889321
43099
27186610
10351
438924
69371
69725869
13222
52713402
60628
29450797
36124
24102195
54907
8753124
61699
2459392
38809
18519263
27769
64118447
11107
5142895
46663
65043354
8365
27384902
13344
51876110
56390
28340281
9808
33064262
40418
577706
18254
6261651
44878
18313823
63324
44880030
27806
47100855
32735
44430414
62032
29006735
38958
36056194
52874
8562438
47509
58893814
71512
15946659
38661
42233710
9717
25833408
37250
19043102
72448
11020058
62898
18119588
52176
69362316
74952
30112567
10849
36309881
36152
28134515
15979
35043319
22238
59738506
59540
58619498
20409
62102936
57814
16179183
54738
73005351
37329
57309230
36276
12298294
38465
71632690
71677
2754942
60604
71407131
52349
45315069
35477
73470777
10821
67435944
38612
55441125
62575
67562805
31943
8542750
25773
68213430
61403
63708547
58337
55827806
33879
31019214
14468
65318470
66024
16007052
2825
48736459
37699
67317491
17198
50992696
1712
65980273
14691
41056784
11756
41966042
32015
65926781
30314
45323397
36780
26646541
29987
46304519
71664
38122336
49928
29052368
42504
44318696
48314
57814636
18298
14681037
17621
61584039
56057
21410974
73667
63316136
66746
63076308
72311
63678508
2429
6495089
34710
7936243
40131
39142305
7368
28993182
19886
68952601
63805
37662728
38606
7169448
28651
28854701
74735
25403981
40322
35043037
49156
37989430
23455
60008185
20897
73572810
41911
62869774
18246
12660546
50727
57560644
62440
63382266
40597
43315766
32745
8433522
50230
1285177
69606
2623720
16103
40781663
51050
19941796
17064
1898840
29441
24493487
55143
39043436
17110
16520728
52814
45843592
36765
5851425
44129
13292350
63621
63517143
9126
64814446
64940
61576700
19973
47264893
1576
12039643
5472
47424415
47867
47544490
71499
67415460
394
57164396
16786
58769170
26991
40507127
12632
34951560
49223
20332297
27646
13704526
50098
50050934
35212
73864175
42316
45910999
24528
36843983
64440
60692457
45856
35449303
35379
23459323
54738
71737731
44119
42465531
5594
17956483
24573
60455558
58889
30034666
62788
29173127
54256
65542317
68955
33350140
11763
10770878
45083
47356423
25591
10902993
59794
5715734
39116
47236465
68181
15493048
33292
11452199
10006
2542185
41261
30330893
1526
64843644
26777
14177433
67386
10368781
70664
68649041
10020
30275153
44019
33312738
69506
14267812
53733
21116066
19601
35989327
63598
21068955
45252
31515348
8546
27873523
65393
45179125
11539
51207069
42842
37965234
46877
2701550
37257
14567540
17542
21337973
19247
1117084
63402
70691056
39134
35329158
18876
30328679
32464
57643675
7601
46892917
66300
54675747
32059
35268881
41612
36274934
30868
38669387
12762
13693840
33360
61388643
69890
35168754
37176
4615874
32009
55841378
58378
73153708
47150
49131998
17839
59288838
46069
4024653
42546
8572083
66172
13740292
66384
33558220
37595
63604167
68330
50448505
16350
31431630
23834
24544071
50420
49844588
5487
36243186
45541
53042336
9004
9681214
46796
65705035
28319
38602501
65839
316815
57837
62292008
32985
10400834
36850
19289087
37298
73439932
8462
58473058
57942
59760626
68564
52982970
60993
50266692
41796
15046066
41053
72038678
24401
69001438
60240
62381316
17023
13154376
16459
8889477
28537
18656732
44827
15853339
49653
62152840
12447
10594814
44353
36620270
34418
1923572
39629
41182934
21067
39093362
25987
8391549
27819
52127306
33254
15719234
74287
23941865
46600
49865942
1604
39666692
72154
49449311
1943
65237641
61300
61515986
46418
9104278
42286
6812896
60247
65071580
54450
12333664
40438
19524577
70026
34600902
55256
73558112
9487
38293581
11586
74007320
45371
55971850
73865
74654363
20163
39431561
46899
30507805
37504
64358967
30663
52552827
48432
48885344
61712
19791811
27330
34794639
9053
2743672
72329
12407193
2635
1222580
58403
63122603
38130
55951245
36515
21254851
47514
42030795
12310
61940936
47634
3938119
54975
68021129
35576
70711621
899
61304120
3930
47407902
68037
48136399
24419
36743302
24480
33993497
5180
241967
26806
44839047
71324
58502175
7260
74967784
67653
46537617
39112
10561691
64908
12229144
38880
22116359
34497
73573385
39164
53946979
14808
29996255
40390
27156297
27105
64143051
70478
69566256
32807
518637
26990
49923740
67200
23235722
57048
58114041
44110
72851849
57106
58880800
18747
18114056
25792
69893387
53995
64587527
68880
32770612
22687
18621785
45684
48280538
40311
61502606
54901
20958963
67160
34037164
18616
3604816
35199
2033891
38518
47119138
53340
2211060
67309
28932521
48436
45191492
22670
30945561
32917
70440029
67244
41212494
2825
26706193
49290
27898826
3627
69101136
4060
28530932
62421
55955957
41376
52642001
59114
66673666
72583
24978581
15025
7957991
35093
1164061
43753
34478004
20251
45944743
8234
38850155
38605
48231039
48917
43434554
33900
176329
52718
50365853
15075
35420048
55598
52432510
62636
5196653
45234
3763213
51167
22390093
60407
37799770
19425
33179278
16920
62894700
39803
62799209
38387
26814487
3522
59538753
25677
16817622
12289
2845727
20312
73659484
46610
56219610
47686
14462567
49996
33904159
61415
46980758
38882
57540942
60662
55582453
58329
74597618
29334
56550561
52808
6830719
38043
45848966
23660
175161
33000
31167980
23754
2470519
53165
14351458
38852
22077323
41604
21941972
58254
25539025
48477
62314519
14130
6355945
42773
39669117
12419
50843020
2772
39340792
47634
33525873
24918
34976118
5995
12155645
21379
72794951
36681
9850085
7638
35202885
19788
28568783
17025
64241206
62052
69746160
22395
2946843
56300
44569510
36236
72970541
18552
51263817
41866
61539246
28880
26137657
16661
5292959
31536
33941540
63273
6453263
48913
24834502
1486
9288637
57432
62962855
37464
4739942
63504
10406073
21891
37878230
30154
24608911
36743
20295586
28123
6633631
22991
5654645
29050
4156905
56822
16032334
19516
8423196
40274
66206752
35826
31740112
47675
38084595
60405
40875808
4607
24261115
1889
14360683
27504
67148819
64584
25430553
32407
39137938
40558
56895678
16806
57251680
26282
57971401
61625
57384900
36162
69615939
52901
20212708
8672
33762842
50424
36535506
62032
55455283
9273
40545441
66215
59898357
8289
23353147
43271
32407196
74599
21277362
66793
9066694
2990
38316354
56555
7258214
62191
27690281
25017
41615921
30360
32785875
48271
74129694
10943
46433444
55367
30952845
6556
20377277
26676
55633117
14094
72554294
39874
55073171
59573
69781075
67588
70736096
13629
13452222
65423
36384622
57049
43174447
31401
59418742
6618
46715417
32538
57326477
71158
18790762
51182
30094846
58999
3861559
12516
29829248
58315
41160454
7937
913840
43239
16620047
40009
48318869
30208
5748281
59356
62869999
54811
27918190
15890
47408339
58654
73616958
35892
41631744
74921
57541500
54725
66093203
38256
20850473
28949
18901452
47561
5728443
56498
9714979
31754
46019273
49005
25853194
2962
66022042
40104
66403556
30704
52111909
25539
74298438
627
20193166
5077
27842911
63864
14568442
39627
59858492
5488
53460797
56554
26615072
69998
3382426
47827
49066900
33030
19619428
4010
36032014
48290
38041213
18775
9138024
62041
9650406
13475
36849263
64035
45857207
48070
16377916
74769
44322890
33296
20776283
38216
37778189
22318
14457170
65531
18477515
42265
10706804
45658
53806027
33944
73793836
12087
18413209
71763
46117020
26573
61577132
73304
29185856
21839
62397643
42491
16905599
61991
32125831
70382
44141778
52772
67940693
10203
8043069
45804
4968584
25369
34747645
28482
61740155
14505
3530666
55333
10102894
25210
21514660
23539
59682573
64515
67025029
61208
16834017
45416
69520649
11513
29584185
47321
71890608
58249
33305547
11318
73210570
8774
60347612
53301
16175435
32135
29447809
11109
17575103
45342
58350501
74087
52033563
74746
15349717
45463
69992293
35775
73633477
47505
33054724
62017
29790876
5548
35021004
52229
60561506
71398
45057438
53103
29459752
35758
2420150
73198
58625531
61048
43413534
28187
73581467
70481
53164735
45730
198739
72086
49157297
46352
55079327
43136
14289557
60382
61352006
22776
27832178
26311
2684232
62478
29749931
69080
71612922
35273
63406552
33017
73527747
15683
35715478
56242
51726683
2050
721714
61935
30324759
54156
20042801
47740
21514362
39128
5939085
7587
23399752
10681
16418444
15140
5580221
22203
14436983
49221
61286819
73090
44293019
985
772029
40815
16184701
19719
56886229
72132
3171537
900
6287669
34723
25759201
16923
17688982
29170
63243478
21508
30362745
40491
7480505
25086
61372139
15368
68531078
6559
2730398
36047
53759182
21089
24885092
39881
10475380
45362
53005642
6158
65173841
16675
23426684
62716
19684322
53710
50328310
8755
49803869
22899
65096626
27639
39324331
50861
54708458
63979
39023391
22924
59966923
54429
45686051
44610
8114623
19240
7953403
31359
62472528
61246
48182833
17334
32846572
70428
62610766
46138
10866785
73273
39875328
40179
4284993
43979
7103057
21137
23515657
41784
27574820
6948
22248496
43866
53560154
42532
23943167
73059
36672759
14879
43389887
22079
42872737
67306
14875219
74785
65792354
44137
43767701
33610
51905089
15570
29408955
68900
40756081
46379
70454100
66371
15655457
64660
63690005
36807
22907650
23356
63723736
28190
42627590
61793
51407871
7932
21215527
71160
65054217
51524
61607155
61011
23631241
4504
8124795
49907
7616624
17600
25865910
27784
63519899
34191
45665745
48709
47378627
56850
41709505
26386
47482435
50557
6928766
32720
30038160
20442
34285022
71612
61613432
40090
60162095
71947
35100092
69459
58658645
68370
36918443
48315
34168648
44363
2459467
32587
58039418
212
13055173
14151
71048427
12440
51209442
23417
59215130
15434
27902491
7780
46601385
7329
74802086
28060
52364364
53918
41645795
64202
41716952
25673
5586860
50998
27989875
9031
28798899
9568
34008852
51596
44125498
66064
22959350
62478
10294570
43176
32707951
35380
61735911
29665
54031039
29793
8639833
50584
34624992
47619
25454767
64864
54244858
70490
55229232
67642
65116295
34397
57091249
54155
5024676
7411
2930102
63045
31340517
40994
8797291
33300
58467089
2872
49611651
37802
16358238
56586
71644759
54681
26724567
47929
9572614
73960
445309
13901
63208832
1556
40889495
64222
46191681
30215
11976596
58514
41713688
2533
63296002
62292
57367934
72454
56757738
8512
47914762
8198
32273188
29453
4695973
36676
25988666
29649
39144597
6236
14331568
66360
51287458
73966
29031110
5005
18605444
15294
44435278
47699
68419282
54485
63067627
41934
73212601
22807
34399258
21035
45185522
44572
4313599
6645
12577230
73548
4630500
3584
69519541
39615
11493245
41237
7178615
35573
65186898
62347
46796895
14368
30679274
57222
68513061
55440
50124712
32676
2566631
41644
15756899
71566
6761327
38044
54898472
30048
49122111
60585
7236472
69722
1754331
23357
61452373
70642
73144001
58984
65015641
34085
18419613
58102
35297997
24493
7590571
71775
10229792
53036
38174285
35577
55358383
53186
69636519
52148
26636133
51658
10016790
15424
30016383
49656
26473088
16762
61027302
21489
24481181
44482
50439749
10984
67808397
40376
4438845
35841
50914749
16503
29716897
22228
62910935
50496
45279153
14447
25093378
15087
66947914
6348
48260612
41886
8957562
51023
67520702
32695
45433120
46014
14545450
16742
72748189
15076
43819542
59720
65089953
58907
5444183
51465
48324140
48034
16215602
48844
57266716
2315
6846926
61570
56151473
1765
49057196
6615
67813621
24241
64463786
38999
60644052
50839
68543824
7158
71018813
68387
62485418
31480
24409022
72570
61136014
5685
70342375
53490
63822389
34330
58309956
25541
27509021
32748
2891627
72531
20831680
42262
40635038
18118
1183705
42065
68382912
72348
26236700
68204
42822360
4003
21015691
6345
49502155
71967
10080578
7925
22041890
64159
44562388
28236
3831993
12349
64378580
60634
57900120
16993
13443894
9865
70960971
29391
73363747
56940
8687451
65693
38718873
28424
48378405
29735
10857362
49940
21152865
9010
1909124
68340
46595900
6767
24798551
8501
31253888
29045
11221958
45749
49397178
22308
68683590
45471
34461690
15723
62016064
7550
14410300
65152
48516772
66372
69012396
20988
11704955
43709
13457397
71342
62299884
3432
60255154
31284
46784154
65184
66815138
62323
13844003
24781
58073139
5402
65124496
23783
118776
3917
17819360
22886
11647733
634
716941
52389
74814101
66550
37942585
57441
47206710
22009
25444936
59564
1547186
21520
52961468
21584
30784574
45873
5579656
65880
11248511
40455
49596897
32062
11534774
68705
33221006
63855
46889248
25552
58669487
40023
21428031
51141
62435630
16755
38755028
22023
54207329
32467
55859841
66142
8249354
4322
8981593
33795
46206849
9262
23353016
40298
23348218
45525
26812433
67790
28260037
48231
71702090
41571
56551237
4366
59423570
17494
68737690
64336
46630715
71293
47213214
5554
47434629
41147
36240452
4655
64001842
52400
28291089
28174
68510561
44231
46897776
13626
16348253
19024
57742930
60567
42345048
67400
10873690
1848
53240604
42261
4306821
50183
62891929
267
16116012
71370
49935312
26865
39566325
35305
19725342
50657
5253133
11468
1093675
61953
18544960
20164
69570860
58687
1873533
25908
1928777
29232
7950574
60521
14918332
55089
8355815
4038
33552418
29567
66654779
15441
22701339
6510
6571114
10170
64706181
936
50902757
4788
25528863
41299
19434277
61086
27210910
47752
32059559
61035
10491514
66736
27245875
26955
38113767
31380
59424926
64067
30871918
72842
25204307
10139
33701259
42861
70732947
49100
4201694
58892
58930584
20785
41111174
73407
28955423
65282
45933879
35234
20763135
5096
18857506
67253
7521805
24090
54867959
30597
55240389
15672
44331038
68557
36543304
33405
74349689
64882
56428425
69009
790062
5613
15387617
61811
25911441
38048
12912245
13615
68227742
9755
23751625
24279
44730424
35459
8976078
67327
28262044
25793
55319978
29827
47949541
48717
28618818
49153
50079020
42631
19930913
1999
18416360
11387
10542276
53690
29812404
13035
34724957
7769
25719899
55403
5158548
60541
15575157
63450
11973007
36476
22308613
52595
5728298
69596
68008555
42032
19415189
67521
7474295
35242
46365324
28211
66468744
12335
6071299
57434
28478830
67692
10481047
44002
33184976
69628
57471617
28026
73131434
56360
7309999
38247
22488549
39833
56291455
57700
40592967
18358
62107710
74319
37818720
59643
23408011
68515
35861327
53148
50425626
39269
15783015
36018
54656833
51821
10424271
25016
38794601
6680
38200284
39297
55024660
20699
34926818
56903
11091045
886
66204277
72613
71974899
590
29326645
26813
1850552
4734
61638650
72782
3048950
29614
63709785
4981
26500093
55354
69963082
9321
2075992
61535
7729456
74270
17653038
34989
18390704
35757
24718430
1780
13373880
25073
74335418
24323
25774988
6941
51564486
30039
66717360
11871
65632944
895
29521289
11445
47445365
38992
43153897
64368
22689615
56920
66841144
1779
25447201
41451
25113828
30839
22660111
72078
62716340
27797
9885661
29431
16169647
10350
21949602
73563
56729625
17542
72774926
40934
5265556
57739
22002526
32797
47215137
3493
71085465
68628
46946219
51922
946754
20624
36794160
2388
43731102
50038
33519006
36862
70686935
40573
10278398
66991
45465590
61069
2127401
18027
22118594
62877
3318902
3501
63998534
53062
41159401
27199
71077411
29321
26712306
61242
56621104
69319
66938562
49104
15881303
62630
20569408
20762
24571639
54052
43231947
72134
65713045
69482
34160094
2620
58331093
35345
12219888
55654
1088838
28037
72035710
20161
22693414
23794
74906782
71484
11050277
8260
57037308
14646
5615109
14791
35486885
24296
5598436
17798
52957058
65154
46858549
9880
67611061
38121
9578859
54121
31437031
63359
58923313
54828
32796563
37663
42060775
53857
48771853
24708
5808724
51483
32907050
20361
70423722
42050
37771529
61562
62360178
58722
56783598
65715
30963437
71819
2937334
47984
41877983
74276
6114474
42222
10460126
71007
33009569
56253
35846729
47606
20377566
25608
21974921
68726
57155993
74020
42032016
73760
49198857
25934
31301003
20653
11807957
41844
68384170
53878
11825683
1902
19207175
17048
7445768
3362
27940364
29600
24745105
38097
56120522
35728
4529543
25499
50214147
7450
18179469
34845
45287539
42575
908473
57985
29566858
43992
36534165
14860
7125784
27514
35050290
28922
66048584
9328
33084144
27851
40682275
67318
59537349
2616
63020751
3780
6160789
72097
39435649
24440
44631110
2646
51992696
18332
61408066
34015
14675106
50744
22915257
6987
17392412
60315
69125873
7585
1899266
46812
5129482
47387
7959288
28730
68867580
35349
32089383
36339
43518317
33788
46318167
19843
56797028
29203
63674986
46996
17185243
73631
25666388
45404
13065143
21996
22901716
54303
37178766
44122
54617214
11386
5505340
44335
34913985
54783
51333172
19864
22876672
56509
46889674
20013
17124583
10917
70716428
33390
17248247
28181
30435536
16981
36494975
48232
9521460
17893
34899492
65980
72645055
28174
9074333
57966
64273913
69054
20834677
30443
71920213
29684
60992235
74233
12937802
63620
44991719
32120
46838184
7215
33991571
63929
36572400
20285
74826251
34071
52534440
59465
67573132
63070
16654811
34556
49798459
6803
39249440
21676
68923286
74989
42290313
34607
1446601
17196
64188517
10362
17764547
74729
65195325
25387
74112753
59641
35756613
15275
879802
53282
72878768
66181
57663263
58052
12188521
37519
1086736
51232
19837935
69844
68457449
35145
7761934
12781
28419117
9237
66590636
68770
5860201
37816
31750124
39736
16128930
39415
48915859
61755
43428797
9564
12702758
58480
64264049
15275
57935792
65391
60213231
60408
43861951
58811
69946126
24368
37960997
60486
6034238
73973
67318297
50405
32411364
4085
18612409
28983
66515458
17953
41775716
44201
41472855
59611
30746041
41095
5214868
72706
67984695
73327
24262202
70560
33844628
29208
6773715
6601
5741456
52195
74365000
54303
56561724
7693
4098224
18632
54069105
19345
7155711
38295
67418804
3176
43870244
2817
61102276
169
49367652
45320
55056259
5613
16412474
47880
26413707
8507
63954611
56894
21791492
43385
67881436
42531
14148441
17995
3929014
33821
30681237
62443
46614954
16881
67411265
29686
37723085
71108
57996623
22946
19948980
58105
58613339
60986
16360825
52038
67517937
24278
22021193
67557
52935232
38513
19319883
25083
56264429
45057
44176833
64413
23131811
64374
6785061
6172
7873498
45645
20834977
7461
59579159
39362
32968114
5677
2541235
2964
23867212
53680
398510
28867
16949089
18430
57384856
43587
14530866
16311
62334272
68040
8222916
41337
24041696
9574
42893637
64334
3985441
21389
8899440
72687
18389253
44810
15690072
59627
71687186
68555
24586392
22929
274913
6560
62174352
34601
19080665
294
44375834
34474
47600611
43392
48514692
51411
70483753
66922
14931271
34519
28391687
29675
4959785
33999
43180354
33899
25844024
8907
65775789
48824
54878978
34826
53397932
61576
60106392
42011
50973192
5375
62073392
31679
7672496
49566
74300665
61794
71550212
51800
27489463
59272
61561742
298
63292312
22839
17612325
17869
60363360
61650
23716341
50477
51275915
63953
2617750
12352
38367050
22252
50838853
62048
67500582
54493
8171372
41306
36811867
4904
23341182
28751
1530174
17179
17876767
59835
3027941
44309
63233066
60465
12361801
68604
64963727
8786
40155519
58703
51879170
26480
44542535
74631
47612762
35812
16840234
57452
12181426
14753
29682704
29408
13954369
17450
44129647
3212
60926216
70459
25829692
51042
53008796
64568
26005639
45655
60110837
68241
26714669
73148
5187337
55290
64686315
39373
31784042
29602
15018959
2196
29051481
44469
525173
15905
64999891
41871
33134507
25166
20756987
69990
66874318
69699
4439493
51523
37446201
3732
65249487
14285
5862550
55034
41320728
5587
18911748
74479
20968637
57657
41820214
27470
4700373
43314
13760568
15623
25795608
27706
6758756
59343
5426502
34437
5660666
48938
66363157
69995
39191249
8226
51283702
43311
56646193
66561
16924821
7101
5258228
14300
7695932
51133
61758314
52051
40479602
4999
43390350
20464
42799138
52187
66042277
62319
60982960
1695
31203430
29175
14821751
52501
58892700
25560
69130422
53491
36825870
42816
12063641
22691
29919677
2922
66333309
53037
67658143
6527
64826546
70577
23015710
36474
36955361
23994
9954739
16001
72911601
50780
6750904
21769
25427456
10674
55036704
35312
72771028
22530
37732477
74179
31461549
42117
39123022
64904
73635384
20572
15768802
43156
25090021
60149
21847091
22294
54950332
58223
18057479
35003
13912816
24442
27018272
33647
21374166
10617
5143539
24494
55188267
10806
14554642
51811
30257719
14870
1848055
58238
70017781
31274
59835342
19990
26354954
29821
551759
54068
21932587
62924
14836965
15440
42885004
64740
36926180
60009
49839477
69065
10744282
66029
56024064
22724
58886543
71876
35389670
58728
53041896
40350
45315102
69089
46359668
8611
26288593
11427
5895551
12958
65299331
67570
16727968
51462
34186800
56614
1236651
37894
2635684
41209
42616398
71576
68559904
15692
24667785
25329
71758772
63055
10689241
14628
29739507
44532
3369944
49427
70046491
60077
40872165
43820
70829670
2323
32580352
3213
5954652
11293
64252668
49881
50021610
25811
8706256
39129
16888911
65101
32819578
31330
865265
8153
21779100
74795
18101540
3954
38817671
40217
29970065
3067
54666973
67
65033211
58717
56184263
71635
11011825
44150
10501743
13571
22151039
74802
48311670
72936
9566910
29945
53089170
21162
30116118
21565
12463759
37932
46030030
16252
31152318
31025
62786406
55872
71854250
46479
39857537
64961
70961938
46893
56721577
36075
20978453
31423
43087597
69482
585624
31999
54470174
52785
71670078
22736
5250255
26672
19369643
57616
47696052
67916
67115997
28099
45094202
64340
41434325
11632
60710016
17264
33541832
2282
20215138
27353
16128557
67615
31482888
40617
28599400
74506
16688685
58379
57748094
26216
47339828
7782
40797174
70393
69839732
38187
15230195
73461
54872526
17124
74463701
43264
12389098
24295
36777237
67251
25773461
28033
44062835
19912
14220492
23119
48378584
43165
9269709
45343
10974673
24629
20709735
23785
70799364
24283
74288355
24663
24532887
22619
8630387
24536
66495852
11139
13289733
48790
17277636
68314
44640425
10049
46739823
66432
37960390
12688
52976080
38734
43529338
66354
52003615
23347
13457949
13766
59772196
41236
13826050
32557
24919858
9736
3014037
56584
6004279
74045
23827212
43337
24789961
5133
44168664
19256
34044286
30311
73663845
30993
60437344
4980
71531358
13376
16195779
72018
31337589
46507
40346162
22994
39126563
28345
26086232
64650
44396346
59826
40771897
68294
13746981
36955
61514105
44322
28256737
7438
53695953
21592
12229113
61085
67155058
18762
18298478
5805
23252762
64804
27654138
38172
40412537
19222
23040622
3509
55742484
11767
20648487
26944
41826861
56852
60070653
12188
55655723
57093
3153618
47780
63070286
37883
9697695
39641
8906771
16804
55701321
17889
52564828
8641
8682268
5164
63952456
22392
34697335
45483
826054
6976
59322798
26612
61390250
66020
62006418
1635
50647839
66209
20125011
27579
24608021
56323
59067179
1629
47873463
69627
49999524
11093
48046318
63291
63725024
74557
19747982
50846
11583142
73170
11520232
6116
39071717
39098
68093205
66441
15581834
29871
22383687
14235
49483431
56471
18315873
38659
41231335
4858
20997485
15451
351188
38762
71213194
34308
37575023
2613
12043733
73158
29552496
50133
43824735
63501
71138351
4566
68501561
8409
69715036
13135
21043110
53744
25343720
1241
18891360
42933
43007817
39931
20311429
2112
58726816
69734
25574378
33190
6965043
43323
19050472
8905
4387918
70629
14414932
55230
153043
38821
72683442
68213
35652178
13639
29599789
24149
59467018
18505
39439761
2727
50472512
55400
70900446
22347
41617159
67293
8903477
9792
40718070
59807
22424001
47606
39133998
34668
10750118
17809
60289245
13771
68150553
70111
48301599
38037
23389398
51942
73008100
24859
2649206
65533
59480747
72539
32711028
12516
52671278
35796
66343210
53274
6206524
239
15687203
49323
24095380
41040
66130140
26604
22536677
14127
41982682
12320
16068384
42721
65046780
29800
32272992
47682
49482847
40475
18498695
52664
69006836
25125
567890
23749
18293674
20903
1173743
56096
5307316
69518
57146549
38404
25976789
71526
24194090
70578
61988909
43457
60028254
4204
51353199
58516
73827587
42142
21949027
12892
330938
2928
49817427
46551
15305844
19494
29194691
14008
56204119
51759
9845504
28335
53432108
7486
25885769
41335
27274592
67551
38717321
20900
23767343
66105
74303822
53116
60889697
11582
7524720
60963
11769181
29957
45135337
33698
72629260
33720
50250368
57208
56655886
34151
44984800
20295
64023168
19970
46675530
52184
29489923
57094
13061301
59813
19392188
57282
32721729
41524
39244152
48268
11638244
65800
41689229
64455
1946633
7986
52644583
8248
24761858
56124
45573691
47059
5486109
63510
61916204
17127
54064157
49866
17824482
58422
67455988
27494
13847041
73965
61540934
8702
7097655
62629
24327443
64240
409280
14213
60680796
60146
62221863
59107
37356249
32228
59515424
18057
26796604
52291
33298272
59411
69755437
3359
41586014
74519
42657745
59018
63612766
65950
47388214
1247
53685392
24970
67184120
21705
16908498
15150
37761564
5893
64872932
23997
41507872
72184
18858663
19181
64135051
69516
65871038
12598
18573637
5422
31619143
1616
39699107
72693
48580757
71401
53927648
50970
69528689
9673
54406026
20206
1586506
70285
42543802
9969
13145666
45546
27419166
48222
29604967
53839
19911143
22812
13868249
61129
67649604
64789
17821678
45618
59031098
65054
56133348
43660
31527746
67884
16449221
59774
44039937
36413
31704461
53841
59697840
1504
1880166
9136
27114155
69549
59026696
3852
36247753
65469
6912464
72895
12604878
74243
65251197
39061
70704315
40087
70506776
24044
39392808
2272
502087
53847
32629340
37385
51261152
7256
23479478
72054
54335120
29596
39496580
31269
71403542
73006
24186591
63495
22852263
29586
20140
58205
34836744
51715
39690050
8079
68992444
48759
2488999
48345
7680790
59184
70172490
57317
25207874
7258
741271
63584
73621363
49560
19251164
66877
21575672
4433
13735345
30872
28065955
22221
10668696
41591
70857505
57014
66242905
48293
22593349
52666
40501713
74326
56211316
48650
25431583
21263
50007974
66180
47608352
49165
5365906
64012
19061526
11888
38806070
20489
35682822
50789
52592002
64192
18690180
44741
27761105
73372
8389226
28077
3458031
17832
38644060
11521
11093301
57284
3430688
32854
29904220
74198
10670935
27427
11132317
55884
70541392
41178
53751385
41482
31095095
57330
34837002
74970
54477260
52487
66156000
39550
20737438
7716
44232483
57295
55315356
18093
3010458
9043
11705775
65335
66183434
57397
46986374
20170
11798247
45301
18346254
34333
1312758
8175
35928705
44496
51468607
45030
65696690
21320
20323113
32341
44491573
53974
30168563
13806
32912361
68587
7755647
4529
36777095
23360
44094418
53293
5724957
37556
35670884
70454
45309263
10130
716622
1014
18956859
53884
8413324
73022
70676562
17704
36405132
15622
28966259
72869
12554427
46640
64137797
59295
68703538
2581
11629249
31991
53794824
43714
57694057
16183
4416928
9402
10990879
13699
70115172
48795
36928376
70265
59443316
68975
19749907
73417
62946615
48528
23812250
11000
37787364
14365
68592991
59612
30808657
70659
38799489
29636
27432676
49704
61137757
48177
6593983
53252
6585985
69573
64742726
27929
55122811
25145
15779951
38207
16543711
60045
66820258
40677
70714157
30909
46406443
32388
43054927
54508
54098458
44320
72047017
9942
53204134
21783
49407739
11109
54978618
41670
36506233
41647
26378928
66048
10286889
38734
66121959
12226
59040568
65271
19125759
64054
67039367
17281
63213885
71618
18055125
11355
64777557
14052
57904595
62268
14968106
63267
63453408
34455
24122550
27226
55826406
30571
7238589
73259
55086102
21417
44785488
57878
36122908
66458
21287398
63554
68836767
31261
7845786
64997
53344233
30509
34853114
25018
19123174
19871
53579956
60107
52021614
4830
68971298
47096
332241
45874
20036435
52308
66861280
43318
50997037
68851
70937149
49229
37883209
51284
18101996
33552
50636948
32146
17286143
39246
74747459
48849
69550693
66100
51982444
43264
46794176
74867
12105894
37483
9499770
61696
73031878
25904
39790610
36752
8450459
44558
45071189
54273
8906932
41700
6905084
59143
7238324
50164
53377314
25396
59385515
27150
538042
43880
40175542
43469
59152568
36270
45158489
34958
35901820
16607
56920160
59735
12884925
69873
65512191
15780
17864089
4319
43527699
63991
57726349
20372
25859590
46871
16216741
70789
27804998
44612
5548980
46994
33511726
22042
25174459
54915
22930351
47036
8835329
57884
60163183
14385
19282054
29138
69584984
33496
40274045
44888
41436464
24394
7721443
1097
11704607
60849
37267790
17281
50590842
51416
40606435
13497
68568277
18273
5384145
54893
52395434
59816
13779233
49086
7591758
41411
3687950
26582
28996795
5486
14165085
30822
64506166
57351
44644494
45844
56379010
63820
58274626
10085
34077631
24851
73847757
8105
69272343
31673
13875136
40505
41547772
41718
2909339
25430
32669864
29782
1559009
1459
37334997
67377
60757084
22762
11953804
66656
72681362
6377
4742255
11764
24524144
19102
50501464
34344
48256197
59452
37366960
70084
30533034
50804
9640918
17912
48170153
2740
39868270
60063
70276377
32666
49384845
57119
10496647
72819
57138944
8352
31242071
26214
58965831
52936
33783498
15654
11167354
12966
60998476
36063
70242404
69577
17778786
72477
820337
61582
72365866
15886
35399256
49161
32342419
49900
42740858
62985
15483514
11211
50766735
48677
58524046
67799
33885258
54562
49792192
1573
10932825
43796
59276462
57209
14022996
10071
61306002
34105
31213631
15597
22040582
47838
49555089
61095
64892489
33178
71757316
40205
20589263
27866
59178930
11191
53154564
69283
23881710
49977
17043832
45118
36317918
51924
39128104
50869
13975395
37927
40201013
53320
15835862
38593
45052044
74063
9980249
54569
30273080
9029
8397381
42063
40616396
12398
29720522
14206
56430566
34565
57184624
71504
26973209
38083
16440905
34677
66000709
56075
21155908
36714
72920066
41778
62136119
24652
45138888
27863
47641076
61534
456658
39303
8844219
27549
42826641
48589
11791140
34269
64464763
17026
24582924
12874
24991393
9690
36335252
40577
2155432
51234
26029781
7643
3681952
69416
44165510
64014
53623180
24318
52745977
19321
19286592
27721
44709191
59334
55021272
5609
6514537
9864
13609270
20563
35331978
44787
18869693
5364
24895082
134
62602850
51693
25325869
57615
43664813
54944
38758560
37779
55072925
58936
60280864
24965
49720924
57307
31496369
56365
45513178
30916
285042
42920
16615545
71807
4610518
40942
39227828
63419
35663765
52942
55628060
10146
58737471
4623
31748958
6246
65139930
60542
65343730
17361
58844539
33975
21810445
17318
37189756
60623
23738851
12979
36381364
53130
68487630
74781
71180227
3147
39563133
26145
70319837
8709
13368307
55313
27610320
32670
20947990
5907
564144
70693
56530479
47891
65098382
37695
5773030
51545
73262616
11998
9896389
59479
65449904
59631
16091408
55326
35167579
48073
74328899
43639
25243881
61005
57993987
55490
72601940
6799
6483342
69272
5531231
43505
19020918
56457
12489051
50281
59574698
59592
58894546
31256
53225637
194
59199571
29722
70442276
14456
61117609
44536
8284083
66148
41864105
9373
32654685
47040
7523878
60876
38406561
5952
52257321
51156
5072021
31280
51885060
44447
70418821
71982
30881324
44565
8459613
20994
53421932
65508
44701357
31710
72204906
58613
12835997
39865
28599281
63181
53649473
45480
4348826
27293
45084765
52087
1562625
43865
6390468
21853
70832820
63564
200306
60076
42833643
31254
12469881
24065
12231327
14531
38839438
68038
40263664
49595
27752969
68902
16306745
60502
68506415
30815
27387318
34011
49596764
6740
1830296
19104
17568899
13325
17842076
71227
46976068
54420
37075597
59023
3375920
2660
34567640
66443
15942837
37122
21931705
60177
22637664
48230
16043783
8461
1774912
32006
68363094
72198
68769458
50383
12865254
59001
27200930
68609
43536526
58841
6078786
52468
73113674
3688
71099794
40616
67411482
11321
43391441
40712
22300021
35849
41094446
30069
4971735
43041
1770744
51474
29210739
53329
63564164
69918
57326055
28272
9019682
54729
17759107
14336
31809337
27991
39387696
69864
65141154
36830
27463186
24292
58909507
56265
63856269
63770
129380
27855
5583647
5620
68546595
56737
29571556
33895
22471420
52626
32410903
20459
73620573
28187
47332413
40587
27480538
70380
4209665
50432
27418908
66435
67542850
52447
72309962
57771
13507216
30927
36483423
6027
3215190
60242
14656362
29237
26453033
68880
57960660
16137
32403308
58084
21031898
72658
26100559
51890
5271772
72629
51748015
47215
12376057
16650
27368406
63275
64131108
25734
74546846
3290
4745219
41114
11552838
38622
17203207
36022
61726698
60904
63014509
69631
23685000
2860
45728818
47094
20220649
10537
32325279
18866
5861189
64254
65289711
30804
47229290
70387
37795662
32403
15104744
46157
39327906
55366
43355869
12977
45148521
33192
73481489
19677
30353207
74297
53609862
53597
4376420
18036
74792315
45929
37649603
11589
1090319
30809
2639248
16068
45386986
57696
45882859
72993
41934584
25619
48526933
62498
65425487
36715
58724627
24709
74182206
46253
9197131
72930
11179874
578
69686285
36427
50646505
68506
56963897
53779
24666067
2592
14912157
36862
49431836
55841
25632796
5396
9702558
60913
18972744
58591
64128246
7414
45516014
65390
68713855
5304
37748131
51078
66013675
4422
12086057
7435
44736009
22587
2461387
28173
45931092
55484
52487044
7242
53217602
20874
37317910
66867
22265572
57358
19555238
53636
8826796
51943
54769059
62637
59859431
24134
28453888
63252
66902652
67022
69631599
9935
37937301
52706
21681277
55410
59158361
74196
3490712
18556
6601821
11399
8487078
46668
30918459
45725
55333230
18489
58385322
49263
44641781
12441
51507685
22420
48436024
4035
42137842
63108
71812780
43565
9464339
50788
61054352
51741
74374035
66166
61231160
20947
19906595
71816
21862803
74115
48132071
14989
53023132
52946
71174136
25841
43751609
30816
50304951
17282
36034097
47363
23371128
58490
9292275
48739
5885145
32839
50261987
44179
59384468
57713
6811453
46836
14719198
67446
69958330
58785
33036498
36737
42489183
3300
52860936
46847
15304207
40368
12640742
70603
50736775
41290
5004662
66896
19130608
65188
27981084
27070
31246843
5591
72828863
26564
72748271
1609
60212545
41267
56883128
47402
47611134
31879
60939582
45782
61906701
39676
45192248
12217
45983800
38206
70495708
68803
68275634
10069
49987493
29194
48737563
27683
70378250
30645
1358078
7451
73976379
48623
62390808
44713
40970109
73049
56491635
42455
26906651
42142
42086895
26129
57609274
6342
68183822
20696
64397481
24376
36729328
63156
30573331
3039
19678151
53894
22398343
63296
20851522
51925
27129772
1900
44412435
59058
58544230
28968
69645020
22687
11804891
66343
53150525
33508
1002558
31570
24062373
54479
50003229
19118
510926
57225
63204310
69194
14002140
68238
60349097
37459
35043605
35980
10390524
13259
28274307
14546
68553600
67734
30535073
6199
32405325
23189
27861662
41339
15067767
44878
33442316
67437
13605121
8599
38825273
68198
39464730
59745
54055576
27886
70263473
61506
34113656
39674
39401280
1824
57132757
6499
9236227
25858
53367598
14193
4253115
36367
33717985
74736
68539096
19337
34776831
9504
43697427
54598
45870651
23955
31294596
41373
20365657
53238
60862659
44373
70537657
54035
13837768
23159
39979137
4335
74529195
40730
44827089
32188
57615939
50603
31124814
62412
17246533
12718
62720336
40195
39631448
8845
393046
5934
66736967
21858
34552196
23700
67347601
74761
22519990
4303
4228224
61428
30299275
64973
59602397
39339
64809276
73677
52036001
11766
55270884
2630
36038716
44480
15893410
8418
39477848
51639
66380388
66151
11885603
13530
2366290
10505
56551012
25676
61037344
50832
59803094
29991
783863
62634
6167625
63591
26882648
72500
7940396
43289
40147022
34407
44657037
51303
29548059
52042
71635801
42339
55955982
54887
25846212
47076
67644782
71985
67339777
63978
5478155
11532
47546462
25256
3037369
74105
47324084
29925
27199953
47487
37307288
57211
53553486
410
44887726
36198
44054333
46596
13280812
8059
34701960
29268
20374577
56413
56408986
12013
19081620
62936
30333528
44021
62596652
71840
22047634
3655
74472524
31659
3008123
45066
52320022
51363
69403972
38732
39575763
24727
68522081
5691
68795288
47106
51171157
50279
3006846
48066
33669471
51548
74376065
32497
1188912
40895
47469018
42176
4651255
43390
3555804
64586
5363181
42066
1944216
66099
41683482
64895
9041404
58019
5988210
50618
53306434
33587
43474899
33732
42230219
47904
55847070
22487
59018037
31977
28420247
4123
29706248
15846
23173881
29121
29965589
18465
64973760
57059
22967267
65416
17543088
15301
11339982
69189
57476472
38222
48640338
3427
63854587
67653
24784811
63602
51410689
24331
15265665
30117
61200238
33497
37061693
13598
53765873
72633
11573405
6506
45960112
34015
20828648
4321
14565768
42776
21293172
46800
19694236
38896
43668741
51178
11392741
26783
22732092
65683
44595397
69028
41186651
56206
68537004
19427
3840683
53268
67772702
13567
59252013
72271
62394168
1336
37208343
19785
5690552
1593
69309775
53534
72101646
57712
61401566
11599
3867591
63197
6488283
31721
27183741
69156
5313636
25032
63461407
31631
43157854
48974
3121535
64935
59687155
41378
39402890
18480
12003571
3511
73102820
31916
21392637
58843
42835418
195
19543555
52541
39662829
51514
36098383
18605
61731624
15089
31165902
47602
31142264
45198
43897293
4673
16249208
13871
52385826
62984
9705023
17675
24990865
51145
51956358
74250
65413890
15454
15714076
40196
1630883
19828
23135576
36296
10575241
14244
35002702
30357
65499509
36237
11367147
4857
16788153
33955
1352967
58038
69076237
20100
39937853
6397
66276843
352
31906886
12247
22739501
43608
56461106
25424
74403025
59845
22131681
43231
15378892
29356
34411854
30430
52977697
64823
6901716
20767
71020805
37574
32164267
42861
5880424
5280
62497865
17110
9658243
4026
30497294
67946
50556043
27094
39675118
73791
11495143
46568
32308565
68118
32883038
6225
48682689
46598
53450978
42692
48815209
8409
68555815
37877
6580595
27012
62046994
18744
15511065
46772
36430864
18373
60201898
66496
66574273
53777
30953982
68815
31721742
35743
74139625
45030
10600242
59699
36588050
39301
10959647
58159
55962344
63134
13793175
66155
50422862
3278
18983103
43315
43622375
16232
70089651
33167
74420912
47493
24739831
31776
23570023
26045
66144684
56772
66673605
74586
29073178
28000
13759707
68741
51837479
31978
53660539
9428
56694406
44338
860617
65433
3971856
39187
57953971
43187
16021123
33962
42899077
11836
16084506
57964
26563921
47874
277824
27752
72957528
48263
50069146
17623
21194394
50660
63978095
22344
62800815
23556
52066426
30969
41774619
46648
54422376
38242
47834244
38281
44270450
71483
71245928
8264
59283842
73856
15035969
11546
48655159
52490
2306397
2475
45469957
43630
35862746
74017
58976302
46431
22354425
4894
61373211
12725
41468932
246
7446526
17155
8172285
28861
35042168
15674
55457737
52428
67401183
37621
59198987
49113
15365583
55966
51353349
4883
41539047
45884
13809877
24088
40594205
67826
22003878
54366
65419920
26444
11904121
60557
68404558
23934
27499901
64097
23200825
73408
30720908
50237
60601962
652
32236009
48942
54445987
44371
5293872
45636
44367037
52312
59105951
70904
3057910
65570
66126691
73777
17574245
27882
26747621
12434
2281214
39161
45675949
29398
5263001
15503
8221949
29097
50649676
32752
23036013
10855
31457499
59
52046932
46449
10170514
74996
9103464
72526
49349563
53858
55280580
59974
56569150
36541
11432767
46578
64903225
67741
54999987
21058
74409827
6217
53590364
74108
74398740
50224
39307769
7874
1930819
45303
8533742
10040
20460073
3712
29530499
39920
60975192
29568
56276464
5654
51187171
20917
1597521
24106
49394675
64777
66103717
65947
68422478
57188
31299194
49304
11969144
68489
48916901
44696
11062131
55330
18206604
44964
28215818
66036
54995208
19422
30666298
22835
39308188
20885
50968878
60561
29756364
58395
67008097
34876
66262253
28632
22392451
41015
38015938
17149
46619492
51295
11826352
24933
21587803
6858
59784457
30812
53574427
65083
56439333
18527
9466109
20254
31054160
6814
51646836
30837
577255
52985
4822317
53541
15431417
9743
55341530
65102
56171521
39746
60549457
58180
47757742
38561
44605311
10014
9800781
44129
3106288
31715
4033051
8606
2191602
27976
65038517
44101
64685385
4963
13628900
3152
44129233
10295
7044462
35407
40655140
40264
57930536
54874
16773426
36175
37515650
10292
64582233
13356
60268562
6312
72155181
5617
47631245
21600
29449384
27401
16767384
66952
6093888
61061
23982427
42629
10308306
9187
54794806
57318
74688039
30937
25366434
8408
2199977
22472
54879304
64466
54415121
51162
52978944
9183
48823441
73566
24109253
74658
32409810
15458
68201206
44572
13806297
69992
34842091
50780
40788862
13696
4714856
45945
49263632
13760
29849626
66155
28282789
33038
4755186
27977
25550929
27094
8407803
3163
22624577
3935
12666576
47451
37808132
18074
37500572
28363
72557432
38273
13001715
29298
7921702
53014
30317448
40847
69624400
30455
24423881
11795
25561589
34747
6076699
66482
67179945
52259
16354582
60658
39802490
44166
8166864
35263
43565292
31919
1602292
30521
26718313
16516
14549115
13619
10939343
17802
4876242
44212
66522107
12880
3634676
15112
41863641
14963
60869925
59929
20283033
70474
24742252
2114
16840269
32758
48531654
63313
53487966
25782
17284113
7700
11938291
16922
28533282
19024
16919577
8468
3274708
57973
3231006
10601
42612435
69392
32966665
3713
74096959
72317
34058423
20170
47210334
12255
22313621
36743
73937631
50494
49398918
70993
62874258
23288
41259028
8697
8771073
64355
36900490
56615
61500958
2813
68164731
29865
28094092
28862
68469072
14310
587553
68661
59499232
40750
26716521
70513
21494596
27887
66464927
3372
6437135
32628
16976141
3919
15801278
44111
54715820
44921
47064870
61912
17181368
66023
16992628
15695
3732784
12574
26723561
24268
69670180
68282
38406102
650
34870843
35425
46001353
60613
29000265
21219
48348909
48404
19833376
63804
53138594
68041
67819423
23117
9389786
30465
12300257
22857
2237352
41932
47961357
43883
3014203
33873
17951662
31945
74327563
10589
22511088
64182
60494760
22635
69739449
18518
74855997
55457
25891757
73555
24095544
45312
33727807
13580
1962567
8810
16907128
28997
37123732
39817
67409851
66487
61176670
43868
54877694
33395
22490092
46637
9553773
45889
37123877
62037
32627262
63635
44861549
72493
72774735
61739
