0
1
2
3
4
5
6
7
8
9
10
11
12
7052
14
15
3477
17
18
19
2757
21
3357
23
2828
25
7099
27
28
6652
30
31
2717
33
34
35
36
37
38
39
1152
41
1324
43
44
45
3014
47
48
49
50
51
52
5192
6508
55
5507
57
58
59
60
61
62
63
64
3009
66
67
68
69
70
71
72
73
74
75
76
77
78
79
80
81
82
83
84
85
86
87
88
89
90
91
92
93
94
95
96
5886
98
1192
100
5478
288
103
104
105
106
107
108
109
110
111
112
113
114
2626
5968
117
118
119
120
121
122
123
3657
125
126
127
2533
3088
130
131
132
970
134
135
136
137
138
139
140
141
142
143
144
145
146
147
148
149
150
4680
6642
5745
154
155
156
157
4044
159
160
161
162
163
4127
165
166
167
168
169
7005
171
2178
173
174
175
176
177
178
7183
180
181
182
2690
184
185
1091
187
1562
189
999
191
192
193
6657
195
196
197
983
199
200
201
202
203
204
205
3998
207
6335
209
210
211
212
213
6037
215
216
6426
218
219
220
221
222
223
224
225
226
227
228
229
4769
231
232
2890
7015
2062
236
237
505
239
240
5317
242
1401
244
245
246
247
933
2738
250
251
252
3134
254
255
256
257
258
516
260
261
4862
263
264
4984
266
1161
268
269
270
271
5154
273
6304
6927
276
391
4895
5948
280
6626
282
3291
284
1282
2592
5571
6718
289
290
291
292
293
294
295
942
297
298
299
300
301
302
303
304
305
306
307
1911
2724
310
5274
6383
313
314
5404
316
317
318
319
320
321
322
323
324
566
326
327
328
329
330
1207
332
4425
6925
335
336
337
338
339
3613
341
342
343
1441
345
346
347
348
5561
350
351
352
5827
354
355
356
357
358
359
360
361
362
363
364
365
366
367
368
369
426
371
372
2050
2961
3165
376
377
1313
379
380
1591
382
383
384
385
7156
387
388
389
390
1302
392
393
734
395
396
397
398
399
400
401
402
403
404
405
2956
407
408
409
410
411
412
413
414
947
416
417
4979
419
420
1804
422
423
424
425
370
427
428
429
430
431
432
433
434
435
436
437
438
439
440
6778
442
443
444
445
446
447
448
449
450
451
452
453
454
455
456
457
458
459
460
461
462
463
3778
465
466
467
468
469
2933
1228
472
473
474
5227
476
4802
730
479
1246
481
482
6532
484
485
486
1114
4787
489
4929
6503
492
493
494
495
496
497
498
7202
500
501
502
503
2863
238
506
507
3180
509
510
511
512
513
514
2043
259
517
1095
519
520
521
522
523
524
525
526
527
528
529
530
531
532
5669
7485
535
536
537
538
539
540
541
6433
543
544
545
546
547
548
549
550
551
552
553
554
555
556
557
558
559
5766
561
562
563
564
565
325
567
4939
569
570
571
572
573
7443
575
576
577
578
579
580
581
5938
272
584
585
586
587
588
589
5776
591
592
593
594
595
596
597
598
7252
600
601
602
603
604
605
606
607
3441
7285
1820
6908
612
613
614
615
616
617
618
619
645
621
6032
623
624
625
626
627
3609
629
630
631
632
633
634
635
636
637
727
639
640
4668
642
643
644
620
646
647
648
649
650
651
4709
653
654
4512
2673
657
658
659
660
661
4291
663
5156
665
666
667
668
669
670
671
672
673
674
675
676
677
678
679
680
681
682
683
684
685
6610
687
688
689
5177
691
692
5000
694
695
696
697
698
699
700
701
702
703
704
705
4533
707
4103
709
710
711
712
4250
714
715
716
717
718
719
720
721
722
723
724
725
726
5425
728
729
478
731
732
733
394
735
736
737
738
739
6067
741
742
743
744
745
1429
747
748
749
750
2749
752
6946
754
755
756
757
758
759
760
761
762
763
764
5953
766
767
768
769
770
771
772
773
774
775
776
777
968
3614
780
781
782
783
784
1764
1257
787
788
789
128
791
792
793
794
795
796
797
798
799
800
801
802
4529
804
805
806
807
808
809
810
811
812
813
6214
815
816
3321
818
819
820
821
822
823
824
1089
826
827
828
829
830
831
832
833
2906
835
836
837
838
839
840
841
842
843
844
845
846
847
848
849
1074
851
852
853
854
855
856
857
858
859
860
861
3488
863
864
5760
866
867
868
2262
870
871
872
873
4788
875
876
877
888
3418
880
5510
882
2955
884
885
1529
7173
878
889
4679
891
892
893
894
895
896
897
6608
6428
900
901
902
903
904
905
906
907
3210
909
910
911
912
913
914
915
916
917
6064
919
920
921
922
923
924
1876
926
927
928
929
930
931
932
248
934
935
936
937
938
939
940
941
296
943
944
945
7322
415
948
949
950
951
3625
6698
954
5379
956
957
958
959
960
961
962
963
964
2543
966
967
778
969
133
971
972
973
974
5083
976
977
6217
979
980
981
4355
198
984
985
2977
987
7298
989
990
991
992
993
994
995
996
997
998
190
1000
1001
2559
1003
1004
1005
1006
1007
1008
1009
1010
7093
1012
1013
1014
1015
1016
5645
1018
1019
1020
1021
1022
1023
1024
1025
1026
6772
1028
1029
1030
1031
1032
1033
1034
1035
1036
1037
1038
1039
1040
1041
4104
1478
1044
1045
1046
1047
1048
1049
1050
1051
1052
1053
1054
1055
1056
1057
1058
1059
6910
1061
5067
1063
1064
1065
4467
1067
1068
1069
1070
1071
1072
1073
850
1075
4037
1077
1078
1079
1080
1081
2874
1083
1084
1085
1086
1087
1884
2301
1090
186
3221
1093
1094
518
1096
1097
1098
1099
1100
1101
1102
1103
1104
1105
1106
1107
1108
1109
1110
5628
1112
1113
487
1115
4273
1117
1118
6570
1120
1121
1122
1123
1124
1125
1126
1127
1128
4726
1130
1131
1132
1133
1134
1135
1136
2580
899
1139
1140
5364
1142
1143
1144
1145
1146
1147
6756
1149
1150
1151
40
1153
1154
1155
1156
2917
1158
1159
1160
267
1162
233
1164
1165
1166
1167
1168
1169
1170
1171
1172
1173
5252
1175
1176
1177
1178
1179
786
1181
1182
1183
1184
5030
1186
1187
1188
1189
1190
1191
99
1193
441
6567
1196
1197
1198
1199
1200
1201
1202
1203
1204
1205
1206
331
1208
1209
1210
1211
1212
1213
1214
1215
1216
5419
1218
1458
1220
1221
1222
1223
1224
5229
1226
1227
471
1229
1230
1231
1232
1233
1234
1235
1236
1237
1238
3674
116
1241
1242
1243
1244
5254
2509
1247
1248
6051
1250
7310
1252
1253
1254
1255
1256
1180
1258
4255
1260
2788
1262
834
5368
7351
1266
1267
1268
1269
1270
1271
1272
1273
1274
1275
1276
1277
6429
1279
6812
1281
285
1283
1284
1964
1286
1287
1288
1289
4021
1291
1292
1293
1294
1295
1296
2986
1298
1299
1300
1301
5825
1303
1304
1305
1306
1307
1308
1309
1310
1311
7366
378
1314
1315
2420
6815
1318
1319
1320
1321
1322
1323
2820
1325
1326
1327
1328
4834
1330
1331
1332
1333
1334
1335
1336
1959
1338
1339
1340
1341
1342
1343
1344
1345
1346
1347
1348
1349
1350
1351
1352
6090
1354
1355
1356
1357
1358
1359
1360
1361
1362
1363
1364
6418
1366
1367
1368
1369
6344
6317
1372
1373
1374
1375
1376
6262
1378
1379
2664
1381
1382
1383
1384
1385
1386
1387
1388
1389
1390
1391
1392
1393
1394
1395
1396
1397
1398
1399
1400
243
1402
1403
1404
1405
1406
1407
1408
1409
1410
1411
1412
2399
1414
1415
1416
1417
1418
1939
7414
1421
1422
1423
1424
1425
1426
1427
1428
2294
1430
1431
1432
1433
1434
5201
1436
1437
1438
1439
1440
344
2487
3335
1444
6079
1446
1447
1448
1449
6337
1451
1452
1453
1454
1455
1456
1457
1219
1459
2245
3805
1462
1463
1464
1465
1466
4648
1468
1469
1470
1471
1472
1473
1474
4775
3123
1477
1043
1479
1480
1481
1482
1483
1484
1485
1486
1487
1488
1489
1490
3567
1492
1493
1494
1495
1496
1497
6905
1499
1500
1501
1502
7275
1504
1505
1506
2488
1508
1509
1510
1511
1512
1513
3442
1515
1516
1517
1518
3895
1520
1521
1522
1523
5059
1525
1526
1527
1528
886
1530
1531
1532
1533
5340
1535
1536
1537
1538
1539
1540
3066
1542
1543
1544
1545
1546
1586
2258
1549
1550
5965
1552
2156
1554
1555
1556
1557
1558
1559
1560
1561
188
4144
1564
1565
1566
1567
1568
1569
1570
1571
1572
1573
1574
1575
1576
3528
1578
1579
1580
1581
1582
1583
5657
1585
1547
1587
1588
1589
1590
381
1592
6913
1594
1595
1596
4134
1598
1599
3506
1601
4284
1603
1604
1605
1606
1607
1608
1609
1610
1611
1612
1613
1614
1615
1616
1617
1618
3146
1620
1621
1622
1623
1624
1625
1626
1627
1628
1629
1630
1631
1632
1633
1634
1635
1636
6834
1638
1639
3524
1641
1642
1643
1644
1645
1646
1647
1648
6641
1650
1651
4292
4859
1654
1655
1656
1657
1658
1659
7369
1661
1662
1663
3881
1665
1666
1667
1668
1669
1670
1671
1672
4611
1674
1675
1676
1677
1678
1679
1680
1681
1682
1683
1684
3098
1686
1687
1688
1689
1690
1691
1692
1693
1694
5591
1696
1697
1698
1699
1700
1701
1702
4642
1704
1705
1706
1707
1708
1709
1710
1711
1712
1713
1714
1715
1716
1717
4695
1719
1720
1721
1722
1723
1724
4362
1726
1727
1728
1729
1730
1731
1732
1733
1734
1735
1736
1737
1738
1739
2423
1741
1742
1743
1744
1745
1746
1747
1748
1749
1750
3866
1752
1753
1754
1755
4115
1757
1758
1759
1760
1761
1762
4369
785
1765
1766
1767
1768
1769
1770
7464
1772
1773
1774
1775
1776
6406
1778
1779
1780
1781
1782
1783
1784
1785
1786
5196
1788
1789
1790
1791
1792
1793
5334
1795
1796
4341
5113
7327
1800
1801
1802
1803
4344
1805
1806
1807
1808
7474
1810
5995
1812
1813
7085
2369
1816
1817
1818
1819
610
1821
4865
1823
3353
1825
1826
1827
1828
1829
1830
5557
1832
1833
1834
1835
1836
1837
1838
1839
1840
1841
6527
1843
1844
4007
3812
1847
1848
1849
1850
1851
1852
1853
1854
2053
1856
1857
1858
1859
1860
1861
1862
1863
1864
1865
1866
1867
1868
6420
1870
2138
1872
1873
1874
1875
925
1877
1878
1879
1880
1881
1882
1883
1088
4944
1886
1887
1888
1889
1890
1891
1892
1893
1894
1895
1896
6504
1898
1899
1900
1901
1902
1903
1904
1905
1906
5426
2616
1909
1910
308
3970
1913
1914
1915
5093
1917
1918
1919
1920
1921
6345
1923
1924
1925
1926
1927
3328
1929
1930
1931
1932
1933
1934
1935
1936
1937
1938
1419
1940
1941
1942
2579
4269
1945
1946
1947
1948
1949
1950
1951
1952
1953
1954
1955
1956
1957
1958
1337
1960
1961
1962
1963
1285
1965
1966
1967
1968
1969
1970
1971
1972
3703
1974
1975
1976
1977
5434
1979
1980
1981
6557
1983
1984
1985
1986
3650
2975
1989
1990
1991
7325
1993
1994
2482
1996
1997
1998
1999
2000
2001
2002
2003
2004
2005
2006
2007
2008
2009
2010
2011
5010
5992
2014
2015
2016
2017
2018
2019
2020
2021
2022
2023
2024
2025
2026
2027
2028
3178
2030
2031
2032
2033
2034
2035
2036
2037
2038
2039
2040
2041
5029
515
2044
2045
2046
2047
2048
2049
373
7240
2052
1855
2054
2055
2056
2057
2058
2059
2060
2061
235
2063
2064
2065
2066
2067
2068
2069
2070
2071
2072
2073
2074
2075
2076
2077
2078
2079
2080
2081
2082
5860
5918
2085
2086
2087
2088
4925
2090
2091
2092
2093
2094
2095
2096
2097
2821
2099
2100
2101
2102
2103
4041
2105
2106
2107
2108
2109
2110
2111
2112
1353
2114
2115
2116
3052
2118
2644
2120
2121
2122
2123
4421
2125
2126
4102
2128
2129
5015
2131
2132
2133
2134
2135
2136
2137
1871
2139
3671
2141
2142
2143
2144
2145
2146
2147
2148
2149
2150
6858
2152
2153
2154
2155
5456
2157
2158
3630
2160
2161
2162
2163
2164
2165
2166
2167
2168
7444
2170
2171
2172
5752
2174
2175
2176
2177
3670
2179
2180
4058
6199
2183
2184
6195
2186
3299
2188
2189
2190
2191
1944
2193
2594
2195
2196
2197
2198
2199
2200
2913
2202
2203
2204
1815
2206
2207
2208
2209
2210
2211
2212
2213
2214
2215
2216
2217
2218
2219
2603
2221
2222
3605
2224
2225
2226
2227
2228
2229
2230
6736
2232
2233
2234
2235
2236
2237
2238
2239
2240
6258
2242
2243
2244
1460
2246
2247
5723
652
2250
2251
2252
2253
2254
2255
2256
2257
2548
2259
2260
2261
869
2263
5695
2265
1928
2267
2268
2269
2270
2271
2272
2273
2274
2275
2276
2277
3575
2279
2280
2281
2282
2283
2284
2285
2286
2287
2288
2289
2290
2370
2292
2293
746
2295
2296
2297
2298
2299
2300
825
1703
2303
2304
2305
2306
2307
2308
2309
2310
2311
5747
2313
2314
2315
7453
2317
2318
4338
2320
2321
6890
2323
2324
2325
7172
2327
2865
2329
2330
2331
2332
2333
2334
2335
2336
2337
2338
2339
2340
1329
2342
2343
2344
2345
2346
2347
2348
2349
2350
2351
2352
7211
2354
2355
2356
2357
2358
2359
2360
2361
2362
2363
2364
2365
2366
2367
2368
2205
5945
2371
3669
2373
2374
2375
2376
2377
2378
2379
6146
2381
2382
2383
2384
2385
2386
2387
2388
7282
2390
2391
6248
2393
2394
2395
2396
2397
2398
5534
2400
2401
2402
2403
6870
4665
2406
2407
2408
2409
3033
2411
2412
2413
2414
2415
2416
2417
2418
2419
1316
2421
2422
1740
115
2425
2426
2427
2428
2429
2430
2431
2432
2433
2434
2435
2436
2437
2438
2439
2440
2441
2442
2443
2444
4267
2446
2447
2448
4557
2450
2451
2452
2453
2454
2455
790
2457
2458
2459
2460
2461
2462
2463
2464
4335
2466
2467
5734
4304
2470
2471
2472
7483
2474
2475
2476
2477
2478
6053
2480
2481
1995
2483
2484
2485
2486
1442
1507
2489
2490
2491
2492
2493
2494
4068
2496
2497
2498
6881
2500
2501
2502
2503
2504
2505
2506
2507
2508
480
2510
2511
2512
2513
2514
2515
2516
2517
2518
5487
2520
2521
4218
2523
2524
2525
2526
2527
6726
2529
2530
2531
2532
3129
2534
2535
2536
2537
2538
2539
2540
2541
2542
7045
2544
2545
5540
2547
3935
2549
2550
2551
2552
2553
4582
2555
2556
2557
2558
1002
2560
2561
2562
2563
2564
2565
2566
2567
2568
2569
2570
2571
2572
2573
2574
2575
2576
2577
2578
1943
1137
2581
2582
2583
2584
2585
2586
2587
7022
2589
3826
2591
286
2593
2194
2595
2596
2597
2598
2599
2600
5102
2602
2220
2604
2605
2606
2607
2608
2609
2610
5917
2612
2613
2614
2615
5232
2617
5857
2619
2620
2621
2622
2623
7352
2625
2424
2627
2628
2629
2630
2631
2632
2633
2634
2635
2636
2637
2638
2639
2640
2641
2642
2643
2119
2645
2646
2647
2648
2649
2650
2651
2652
2653
2654
2655
2656
2657
2658
2659
2660
2661
2662
2663
1380
2665
2666
2667
2668
2669
2670
2671
2672
7218
2674
2675
2676
2677
2678
2679
2680
2681
2682
2683
46
2291
6110
2687
2688
2689
183
2691
2692
2693
3485
2695
2696
2697
2698
2699
2755
2701
2702
2703
3373
2705
2706
2707
7158
477
2710
2711
2712
2713
2714
2715
2716
32
2718
2719
2720
2721
2722
2723
309
2725
2495
2727
5890
2729
2730
2731
5098
2733
2734
2735
2736
2737
249
2739
7078
2741
2742
2743
2744
2745
2746
5276
2748
3158
2750
2751
2752
6782
6929
2700
2756
20
2758
2759
2760
2761
2762
2763
2764
2765
2766
2767
2768
2769
2770
2771
2772
2773
2774
2775
2776
5137
2778
2779
2780
2781
2782
2528
2784
2785
2786
2787
1261
2789
2790
2791
2792
2793
2794
2795
2796
2797
2798
2799
2800
2801
2802
2803
2804
2805
2806
2807
2808
2809
2810
2811
2812
2813
2814
6655
2816
2817
2818
2819
42
2098
2822
2823
2824
2825
2826
2827
24
2829
2830
2831
2832
2833
2834
6918
2836
2837
2838
2839
2840
7434
2842
5486
2844
2845
7171
6481
2848
2849
2850
2851
2852
2853
2854
2855
3132
2857
2858
2859
2860
2861
2862
504
2864
2328
2866
2867
2868
2869
2870
2871
2872
2873
1082
2875
2876
2877
2878
2879
2880
2881
2882
2883
2884
2885
2886
2887
2888
2889
1163
2891
2892
2893
2894
2895
6084
2897
5631
2899
2900
2901
2902
2903
2904
6880
1263
2907
2908
2909
2910
2911
2912
2201
2914
2915
2916
1157
2918
2919
2920
2921
2922
2923
2924
2925
2926
2927
2928
2929
2930
2931
3963
470
5282
2935
2936
2937
2938
7390
2940
2941
2942
2943
2944
2945
2946
2947
2948
2949
5872
2951
2952
2953
2954
883
406
2957
2958
5248
2960
374
2962
2963
4315
1664
2966
2967
2968
5400
2970
2971
2972
2973
2974
1988
2976
986
2978
2979
3212
2981
2982
2983
2984
2985
1297
2987
2988
2989
2990
2991
2992
2993
2994
2995
2996
2997
2998
2999
3000
3001
3002
3003
3004
3005
3006
3007
3008
65
3010
3011
3012
3013
2684
3015
3016
3017
3018
3019
3020
3021
3022
3023
3024
3025
3026
3027
3028
3029
3030
3031
3032
2410
3034
3035
4069
3037
3038
3039
3040
3041
3042
3043
3044
3169
3046
3047
3048
3049
3050
3051
2117
3053
3054
3055
3056
375
3058
3059
3060
3061
3062
3063
3064
3065
1541
3067
3068
3069
3070
3071
3072
5215
3074
3075
3076
3077
3078
3079
3080
3081
5214
3083
3084
3085
3086
3087
129
3089
3090
3091
3092
3093
3094
3095
3096
3097
2601
3099
5761
6170
7096
3103
3104
3105
6654
3107
3108
534
3110
3111
3112
3113
3114
3115
3116
3117
3118
3119
3120
3121
3122
1476
3124
3125
3126
3127
3128
6537
3130
3131
2856
3133
253
3135
3136
3137
3138
3139
3140
3141
6645
3143
3144
3145
3638
3147
3148
3149
3150
3151
3152
3153
3154
3155
3156
3157
751
3159
3160
3161
3162
3163
3164
3057
7288
3167
3168
3045
3170
3171
3172
3173
3174
3175
3176
3177
2029
5108
508
3181
3182
7259
3184
3185
3186
3187
3188
3189
3190
3191
3192
3193
3194
3195
3196
3197
3198
3199
3200
3201
3202
3203
3204
5197
3206
3207
3208
4578
908
3211
2980
3213
3214
1413
3216
3217
3218
3219
3220
1092
3222
3223
3224
3225
3226
3227
3228
3229
3230
3231
3232
3233
3234
3235
4638
3237
3469
3239
3240
3241
3242
3243
3244
3245
5698
3247
3248
3249
3250
3251
3252
3253
3254
3255
3256
3257
3258
3259
3260
3261
3262
3263
3264
4797
6184
3267
3268
3269
3270
3271
3272
3273
3274
3275
3276
1467
3802
3279
3280
3281
3282
3283
3284
3285
3286
3287
3288
3289
3290
283
3292
3293
3294
3295
3296
3297
3298
2187
3300
3301
3302
3303
3304
3305
6899
3307
3308
3309
3310
3311
3312
3313
3314
3315
3316
3317
3318
3319
3320
817
3578
3323
3324
7032
3326
3327
2266
3329
4479
3331
3332
3333
3334
1443
3336
3337
6230
3339
3340
3341
3342
3343
3344
3345
6788
3347
3348
4226
3350
3351
3352
1824
3354
3355
3356
22
3358
3359
3360
3361
3362
3363
3364
3365
3366
3367
3368
3369
6742
3371
3372
2704
3374
3375
3376
3377
3378
3379
3380
3381
3382
3383
3384
3522
3386
3387
3388
3739
3390
3391
3392
3393
3394
3395
3396
3397
3398
3399
3400
3401
3402
3403
3404
3405
3406
3407
4876
7254
3410
3651
3412
6341
3414
3415
3416
3417
879
3419
3420
4698
3422
3423
5757
2159
3426
3427
3428
3429
3430
3431
3432
3433
3434
3435
3436
3437
3438
3439
3440
7424
1514
3443
3444
3445
3446
3447
3448
3449
5217
3451
6089
3453
3454
3455
5678
3457
3458
3459
3460
3461
3462
3463
3464
3465
3466
3467
6365
5676
3470
3471
4303
3473
3474
3475
3476
16
3478
3479
3480
3481
3482
3483
7491
2694
6264
3487
862
3489
3490
3491
2969
3493
3494
5855
3496
3497
3498
7132
3500
3501
3502
3503
3504
3505
7385
3507
3508
6762
3510
3511
3512
3513
3514
3515
3516
3517
3518
3519
3520
5009
3385
3523
1640
3525
3526
4323
1577
3529
3530
3531
3532
3533
3534
2392
3536
3537
3538
3539
3540
3541
3542
3543
3544
3545
3546
3547
4662
3549
3550
4831
5222
3553
3554
3555
3556
3557
3959
3559
3560
3561
3562
3563
7450
3565
3566
1491
3568
5721
3570
3571
3572
3573
3574
2278
6453
3577
3322
3579
3580
3581
3582
3583
3584
3585
4087
3766
3588
3589
3590
3591
6867
3593
3594
3595
3596
3597
3598
3599
3600
3601
3602
3603
3604
2223
3606
3607
3608
628
3610
3611
3612
340
779
3615
3616
3617
3618
3619
3620
3621
3622
4811
3624
952
3626
3627
3628
3629
3425
3631
3632
3633
3634
3635
277
3637
1619
3639
3640
3641
3642
3643
3644
3645
3646
3647
3648
3649
7395
3411
3652
3653
4171
3655
5804
124
3658
3659
3660
7407
7456
3663
3664
3665
3666
3667
6361
2372
172
2140
3672
3673
1239
3675
3676
3677
3678
3679
3680
3681
3682
3683
3684
3685
3686
3687
3688
3689
3690
3691
3692
6279
3694
3695
3696
3697
3698
3699
3700
3701
3702
4287
3704
3705
3706
3707
3708
3709
3710
3711
3712
3713
3714
3715
3716
6986
3718
1066
3720
3721
3722
3723
3724
3725
3726
3727
3728
3729
3730
3731
3732
3733
3734
3735
3736
3737
3738
3389
3740
3741
3742
3743
3744
3745
3746
3747
3748
3749
3484
3751
3752
3753
3754
3755
6113
3757
3758
3759
3760
3761
3762
3763
3764
3765
3587
3767
3768
3769
3770
3771
3772
3773
3774
5311
3776
3777
464
3936
3877
3781
3782
3783
3784
3785
3786
3787
3788
3789
3790
3791
4486
3793
3794
3795
3796
3888
3798
3799
3800
3801
4781
3803
3804
1461
3806
3807
3808
3809
3810
3811
1846
3813
3814
7442
3816
3817
3818
3819
3820
3821
3822
3823
3824
5601
2590
3827
3828
3829
5399
3831
3832
3833
3834
3835
3836
3837
3838
3839
3840
3841
3842
3843
3844
5744
3846
3847
3848
7111
3850
3851
3852
6118
3854
3855
3856
3857
3858
3859
3860
3861
3862
3863
3864
3865
1751
3867
1978
5476
3870
3871
3872
3873
3874
3875
3876
3780
3878
3879
3880
2965
3882
3883
5286
3885
6440
3887
3797
1076
3890
3891
3892
3893
3894
1519
3896
3897
3898
3899
3900
3901
5074
4133
3904
3905
3906
3907
3908
4585
3910
3911
3912
5239
3914
3915
3916
3917
3918
3919
3920
3921
3922
3923
3924
3925
3926
3927
3928
3929
3930
3931
3932
6364
3934
1548
3779
3937
3938
3939
3940
3941
3942
3943
4719
3945
3946
3947
3948
3949
3950
3951
3952
3953
3954
3955
3956
1060
3958
3558
3960
3961
3962
2932
3964
3965
3966
3967
3968
7330
1912
3971
3972
3973
3974
3975
3976
3977
3978
3979
3980
3981
3982
3983
3984
3985
3986
3987
3988
3989
3990
3991
3992
3993
3994
5055
3996
3997
206
3999
4000
4001
4002
4003
1822
4005
4006
1845
4008
4009
4010
4011
4012
4013
4014
4015
4016
4017
4018
4019
4020
1290
7256
4023
4024
4025
4026
4027
4028
4029
4030
4031
3933
4033
4034
4035
4036
5697
4593
4039
4040
6192
4042
4043
158
4045
4046
5497
6223
4049
6189
4051
4052
4053
4054
4055
4056
4057
2181
4059
4060
4061
4062
4063
4064
4065
4066
4067
2726
3036
4070
4071
4072
4073
4074
4075
4076
4077
4078
4079
4080
4081
4082
4083
4084
4085
4086
3586
4088
4089
4090
4091
4092
4093
4094
4095
4096
4097
4098
4099
4100
4101
2127
5725
1042
4105
4106
4107
4108
4109
4872
4111
4112
4113
4114
1756
4116
4117
4581
4119
4120
4121
4122
4123
4124
4125
4126
164
4128
4129
4130
4131
4132
3903
1597
4135
4136
4137
4138
4139
4140
4141
4142
4143
7295
4145
4146
4147
4148
4149
4150
4151
4152
4153
4154
4155
4156
4157
4158
6644
4160
4161
4162
4163
4164
4165
4166
4167
7328
4169
5169
3654
4172
4173
4174
4175
4176
4177
4178
4179
4180
4181
4182
4183
4184
4185
4186
4187
4188
4189
4190
4191
4192
4193
4194
4195
4196
4197
4198
3913
4200
4201
4202
4203
4204
4205
4206
4207
4432
6408
4210
4211
4212
4213
4214
4215
4216
4217
2522
4901
4220
6273
4222
4223
4224
4225
3349
4227
4228
4229
4230
4231
4232
4233
4234
4235
4236
4237
4238
4239
4240
4241
4242
6445
4244
4245
4246
7011
4248
4249
713
4251
4252
4253
4254
1259
2326
4257
4258
4259
4260
4261
4262
4263
4264
4265
4266
2445
4268
2192
4270
4271
5759
1116
4274
4275
4276
4277
2815
4279
3100
1371
4282
4283
1602
4285
4286
4762
4288
4289
4290
662
1652
4293
4294
4295
4296
4297
4298
4299
4300
4301
4302
3472
2469
4305
4306
4307
4308
4309
4310
4311
4312
4313
4314
2964
4316
4317
4318
4319
4320
5047
4322
3527
4324
4325
4326
4327
4328
4329
4330
4331
4332
4333
4334
2465
4336
4337
2319
4339
7155
1797
4342
4343
6256
4345
4346
4347
4348
4349
4110
4351
4352
4353
4354
982
4356
5625
4358
4359
4360
4361
1725
4363
4364
4365
4366
4367
4368
1763
4370
4371
4372
4373
4374
7010
4376
4377
4378
4379
4380
4381
6180
4383
4384
4385
4386
4387
4388
4389
4390
4391
4392
4393
4394
4395
4396
4397
4398
4399
4400
4401
4402
4403
4404
4405
4406
4407
4408
4409
4410
4411
4412
4413
4414
6404
4416
217
4418
5246
4420
2124
4422
5380
4424
333
6705
4427
5287
4429
4430
4431
4208
4433
4434
4435
4436
4437
4438
4439
4440
4441
4442
4443
4444
4445
4446
4447
4448
4449
4450
4451
4452
4453
4454
4455
4456
4457
4458
4459
4460
4461
4462
4463
4464
4465
4466
3719
4468
4469
4470
6634
4472
4473
4474
4475
4476
4477
4478
3330
4480
4481
4482
4483
4484
1811
3792
4487
4488
4489
4490
4491
4492
4493
4494
4495
4496
4497
4498
4499
4500
4501
4502
4503
4504
4505
4506
4507
4508
4509
4510
4511
655
4513
4514
4515
4516
4517
4518
4519
4520
4521
4522
4523
4524
4525
4526
4527
4528
803
4530
4531
4532
706
4534
4535
4536
4630
4538
4539
4540
4541
4542
4543
4544
4545
4546
6167
4548
4549
4550
4551
4552
4553
4554
1194
4556
2449
4558
5065
4560
4561
4562
4563
4564
4565
4566
4567
4568
4569
4570
4571
4572
5783
4574
4575
4576
4577
3209
4579
4580
4118
2554
4583
4584
3909
4586
4587
5634
4589
4590
5864
4592
4038
4671
4595
4596
4597
4598
4599
4600
4601
4602
4603
4604
4605
4606
4607
4608
4609
4610
1673
5218
4613
4614
4615
4616
4617
4618
4619
4620
4621
4622
6866
4624
4625
4626
4627
4628
4629
4537
4631
4632
4633
4634
4635
4636
4637
3236
4639
4640
4641
2302
4643
4644
4645
4646
4647
3277
4649
4650
4651
4652
4653
4654
4655
4656
4657
4658
4659
4660
4661
3548
4663
4664
2405
4666
4667
7467
4669
4670
4594
5663
4673
4674
4675
4676
4677
4678
5803
151
4681
4682
4683
4684
4685
4686
4687
4688
4934
4690
4691
4692
4693
4694
1718
4696
4697
3421
4699
6055
4701
4702
4703
4704
4705
4706
4707
4708
5056
4710
4711
4712
4713
4714
4715
4716
4717
4718
3944
4720
4721
4722
6076
4755
4725
1129
4727
4728
4729
4730
4731
4732
4733
4734
4735
4736
4737
5021
4739
4740
4741
4742
4743
4744
4745
4746
4747
4748
4749
4750
4751
5894
4753
6143
4724
4903
4757
4758
4759
4760
4761
1973
4763
4764
4765
4766
6024
4768
230
4770
4771
4772
4773
4927
1475
4776
4777
4778
6637
4780
3278
4782
4783
4784
4785
4786
488
874
4789
4790
4791
4792
4793
4794
4795
4796
3265
4798
4799
4800
4801
2709
4803
4804
4805
4806
4807
4808
4809
4810
3623
4812
4813
4814
4815
4816
4817
4818
4819
4820
4821
4822
4823
4883
4825
4826
4827
4828
4829
4830
3551
4832
4833
2341
4835
4836
4837
4838
4839
4840
4841
4842
4843
6098
4845
4846
4847
4848
4849
4850
4851
4852
4853
4854
4855
4856
6896
4858
7297
4860
4861
262
4863
4864
4004
4866
4867
4868
4869
4870
4871
4350
4873
4874
4875
3408
4877
4878
4879
4880
4881
4882
4824
4884
4885
4886
4887
4888
4889
4890
4891
898
4893
4894
278
4896
4897
4898
4899
4900
4219
4902
4756
4904
4905
4906
4907
4908
4909
4910
4911
4912
4913
4914
4915
4916
4917
4918
4919
4920
7159
4922
4923
4924
2089
4926
4774
4928
490
4930
4931
4932
4933
4689
5054
4936
4937
4973
568
6893
4941
4942
4943
1885
4945
4946
4947
4948
4949
4950
4987
4952
4953
4954
4955
4956
4957
4958
7415
4960
4961
4962
4963
4964
4965
4966
6464
4968
5100
4970
4971
4972
4938
4974
4975
4976
4977
4978
418
4980
4981
4982
4983
265
4985
4986
4951
5463
4989
4990
4991
5162
4993
4994
4995
4996
4997
4998
4999
421
5001
5002
5003
5004
5005
5378
5007
5008
3521
2012
5011
5741
5013
5014
2130
5016
5017
5018
5019
5020
4738
5022
5023
5024
5025
5026
5027
5028
2042
1185
5031
5032
5033
5034
5035
5036
5037
5038
5039
5040
5041
5042
5043
6478
5045
5046
4321
5048
5049
5050
5051
5052
5053
4935
3995
7472
5057
5058
1524
5060
5061
5062
5063
5064
4559
5066
1062
5068
5069
5070
7054
5072
5073
3902
5075
5076
5077
2519
5079
5080
7478
5082
975
5084
5085
5086
5087
5088
5089
5090
5091
6311
1916
5094
5095
5096
5097
2732
5099
4969
5101
1685
5103
5104
5105
5106
5107
3179
5109
5110
5111
5112
1798
5114
5115
5116
5117
5118
5119
5120
5121
5122
5123
5124
5125
5126
5127
5128
5129
5130
5131
5132
5133
5134
5135
5136
2777
5138
5139
5140
5141
6490
5143
5144
5145
5146
5147
5148
5149
5150
5151
5152
5153
6792
5155
664
5157
5158
5159
5160
5161
4992
5163
5164
5165
2051
5167
5168
4170
5170
5171
4921
5173
5174
6962
5176
690
5178
5179
5180
5181
5182
5183
5184
5185
5186
5187
5188
5189
5190
5191
53
5193
5194
5195
1787
3205
5198
5199
5200
1435
5202
5203
5204
5205
5206
5207
5208
5209
5210
5211
5212
5213
3082
3073
5216
3450
6737
5219
5220
5221
3552
5223
5224
5225
5226
475
5228
1225
5230
5231
1908
5233
5234
5235
5236
5237
5238
4199
5240
5524
5242
5243
5244
5245
4419
5247
2959
5249
5250
5251
1174
5253
1245
5255
5256
5257
5258
5259
5260
5261
5262
5263
5264
5265
5266
26
5268
5269
5270
5271
5272
5273
311
5275
2747
5277
5278
5279
5280
5281
2934
5283
5284
5285
3884
4428
5288
5289
3668
5291
6062
5293
5294
5295
5296
5297
5298
5299
5300
5301
5302
5303
5304
5305
7339
5307
5308
5309
5310
3775
5312
5313
5314
5315
5316
241
5318
5319
5320
5321
5322
5323
5324
5325
5326
5327
5328
5329
5330
5331
5332
5333
1794
5335
5336
5337
5338
5339
1534
5341
5342
5343
5344
5345
5346
5347
5348
5349
5350
5351
5352
5353
5354
5355
5356
5357
5358
6139
4612
5361
5362
5363
1141
5365
5366
7113
1264
5369
5370
5371
5372
5373
5374
5375
5376
5377
5006
955
4423
5381
5382
5383
5384
5385
5386
7152
5388
5389
5390
5391
5392
5393
5394
5395
5396
5397
5398
3830
3492
5401
5402
5403
315
5405
5406
5407
2898
5409
5410
5411
5412
5413
5414
5415
6721
5417
5418
1217
6488
5421
5422
5423
5424
638
2728
5427
5428
5429
5430
5431
5432
5433
5896
5435
5436
5437
5438
5439
5440
5441
5442
5443
5444
5445
5446
5447
5448
5449
5450
5451
5452
5453
5454
5455
1553
5457
5458
5459
5460
5461
5462
4988
5464
5465
5466
5467
5468
5469
6150
5471
5472
5473
5474
5475
3869
5477
101
5479
5480
5481
5482
5483
5484
5485
2843
5078
5488
5489
5490
5491
5492
5493
7050
5495
5559
4047
5498
5499
5500
5501
5502
5503
5504
5505
5506
56
5508
5509
881
5511
5512
5513
5514
5515
5516
5517
5518
5519
5520
5521
5522
5523
5241
5525
5526
6200
5528
5529
5530
5531
5532
5533
5837
5535
5536
5537
5538
5539
2546
5541
5542
5543
5544
7498
5546
5547
5548
5549
7397
5980
5552
5553
5554
4754
5556
1831
5558
5496
5560
349
5562
5563
5564
5565
5566
5567
5568
5569
5570
287
5572
5573
5574
5575
5576
5577
5578
5579
5580
5581
5582
5583
5584
5585
5586
2950
5588
5589
5590
1695
5592
6755
5594
5595
5596
5597
5598
5599
5600
3825
6306
5603
5604
5605
5606
5607
5608
5609
5610
5611
5612
5613
5614
5615
5616
5617
5618
5619
5620
5621
5622
5623
5624
4357
5626
5627
1111
5629
5630
5408
6468
5633
4588
5635
5636
5637
5638
5639
5640
5641
5642
5643
5644
6008
5646
5647
5648
5649
5650
5651
5652
5653
5654
5655
5656
1584
5658
5659
5660
5661
5662
4672
5664
5665
5666
5667
5668
533
5670
5671
5672
5673
5674
5675
3238
5677
3456
5679
5680
5681
5682
5683
5684
5685
5686
5687
5688
5689
5690
5691
5692
5693
5694
2264
5696
3889
3246
5699
5700
5701
5702
6209
5704
5705
5706
5707
5708
5709
5710
5711
5712
5713
6994
5715
5716
5717
5718
5719
5720
3569
5722
2248
5724
708
5726
5727
5728
5729
5730
5731
5732
5733
2468
5735
5736
5737
5738
5739
5740
5012
5742
5743
3845
153
5746
2312
5748
5749
5750
5751
2173
5753
7417
5755
5756
4280
5758
4272
865
3424
5762
5763
5764
5765
560
5767
5768
5769
5770
5771
5772
5773
5774
5775
590
5777
5778
5779
5780
5781
5782
4573
5784
5785
5786
5787
5788
5789
5790
5791
5792
5793
5794
5795
5796
5797
5798
5799
5800
7048
5802
890
3656
5805
5806
7392
5808
5809
5810
5811
5812
5813
5814
5815
5816
5817
5818
5819
5820
5821
5822
5823
5824
3636
5826
353
5828
5829
5830
5831
5832
6809
5834
5835
5836
3215
5838
5839
5840
5841
2182
5843
5844
5845
5846
5847
5848
5849
5850
5851
5852
5853
5854
3495
5856
2618
5858
5859
6849
5861
5862
5863
4591
5865
5866
5867
5868
5869
5870
5871
5587
5873
5874
6789
5876
5877
5878
5879
5880
5881
5882
5883
5884
5885
97
5887
5888
5889
1907
5891
5892
5893
4752
5895
3868
5897
5898
5899
5900
5901
5902
5903
5904
5905
5906
5907
5908
5909
5910
5911
5912
5913
5914
5915
5916
2611
2084
5919
5920
5921
5922
5923
5924
5925
5926
5927
5928
5929
5930
5931
5932
5933
5934
5935
5936
5937
582
5939
5940
5941
6582
5943
5944
2685
5946
5947
279
5949
5950
5951
4844
3815
5954
5955
5956
5957
5958
5959
5960
5961
5962
5963
5964
1551
5966
5967
1240
5969
5970
5971
5972
5973
5974
5975
5976
5977
5978
5979
5551
5981
5982
5983
5984
5985
5986
5987
5988
5989
5990
5991
2013
5993
5994
4485
5996
5997
5998
5999
6000
6001
6002
6003
6004
6005
6006
6007
1017
6009
6010
6011
6012
6013
6014
6015
6016
6017
965
6019
6020
6021
6022
6023
4767
6025
6026
6027
6028
6029
6030
6031
622
6033
6034
6035
6036
214
6038
6039
6040
6041
6042
6043
6044
6045
6046
6047
6048
6049
6050
1249
6052
2479
6054
4700
6056
6057
6058
6059
6060
6061
6466
6063
918
6065
6066
740
6068
6069
6070
6071
6380
6073
6074
6075
4723
6077
6078
1445
6080
6081
6082
6083
2896
6085
6086
6087
6088
3452
2113
6091
6092
6093
6094
6095
6096
6097
6719
6099
6100
6101
6102
6103
6104
6105
6106
6107
6147
6109
2686
6111
6112
3756
6114
6115
6116
6117
3853
6119
6120
6121
6122
6123
6124
6125
6126
6127
6128
6129
6130
6131
6132
6133
6134
6135
6136
6137
6138
5359
6140
6141
6142
5555
6144
6145
2380
6108
6148
6149
5470
6151
6152
6153
6154
6155
6156
6157
6158
6159
6160
6161
6162
6163
6164
6165
6166
4547
6168
6169
3101
1637
6172
6173
6174
6175
6176
6177
6178
6179
4382
6181
6182
6183
3266
6185
6186
6187
6188
4050
6190
6191
2104
6193
6194
6739
6196
6197
6198
5842
5527
6201
6202
6203
6204
6205
6206
6207
6208
5703
6210
6211
6212
6213
814
7432
6216
978
6218
6219
6220
6221
6222
4048
6224
6225
6226
6227
6228
6229
3338
6231
6232
6233
6234
6235
6236
6237
6238
6239
6240
6241
6242
6243
6244
6595
6246
6247
3535
6249
6250
6251
6252
6253
7024
6255
4159
6257
2241
6259
6260
6261
1377
6263
3486
6265
6266
6267
6268
6269
6270
6271
6272
4221
6274
6275
6276
6277
6278
3693
6280
6281
6282
6283
6284
6285
6286
6287
6288
6289
6290
6291
6292
6293
6294
6295
6296
6297
6298
6299
6300
6301
6302
6303
274
6305
5602
6307
6308
6309
6310
5092
6312
6313
6314
6315
6316
4281
6318
6319
6320
6321
6322
6323
6324
6325
6326
6327
6328
6329
6330
6331
6332
6333
6334
208
6336
1450
6338
7402
6340
3413
6342
6343
3142
1922
6346
6347
6348
6349
6350
6351
6768
6353
6354
6355
6356
6357
6358
6359
6360
5290
6362
6363
4032
3468
6366
6367
6368
6369
6370
6371
6372
6373
6480
6375
6376
6377
6378
6379
6072
6381
6382
312
6384
6385
6386
6387
6388
6389
6390
6391
6392
6393
6394
6395
6396
6397
6398
6399
6400
6401
6402
6403
4415
6405
1777
6407
4209
6409
6410
6411
6412
6413
6414
6415
6416
6417
1365
6419
1869
6421
6422
6423
6424
6425
4417
6427
1138
1278
6430
6431
6432
542
6434
6435
6436
6437
6438
6439
7300
6441
6442
6443
6444
4243
6446
6447
6448
6449
6450
6451
6452
3576
6454
6455
6456
6457
6458
6459
7060
6461
6462
6463
4967
6465
5292
6729
5632
6469
6470
6471
6472
6473
6474
6475
6476
6477
5044
6479
6374
2847
6482
6483
6484
6485
6486
6487
5420
6489
5142
6491
6492
6493
6494
6495
6496
6497
6498
6499
6500
6501
6502
491
1897
6505
6506
6507
54
6509
6510
6511
6512
6513
6514
6515
7388
6517
6518
6519
6520
6521
6522
6523
6524
6525
6526
1842
6528
6529
6530
6531
7291
6533
6534
6535
6536
2456
6538
6539
6540
6541
6542
6543
6544
6545
6546
6547
6548
6549
6550
6551
6552
6553
6554
6555
6556
1982
6558
6559
6560
6561
6562
6563
6564
6565
6566
1195
6568
6569
1119
6571
6572
6573
6574
6575
6576
6577
6578
6579
6580
6581
5942
6583
6584
6585
6586
6587
6588
6589
6590
6591
6592
6593
6594
6245
6596
6597
6598
6599
6600
6601
6602
6603
6604
6605
6606
6607
4892
6609
686
6611
6612
2316
6614
6615
6616
6617
6618
6619
6620
7041
6622
6623
6624
6625
281
693
6628
6629
6630
6631
6632
6633
4471
6635
6636
4779
6638
6639
6640
1649
152
6643
6627
1370
6646
6647
6648
6649
6650
6651
29
6653
3106
7329
6656
194
6658
6659
6660
6661
6662
6663
6664
6665
6666
6667
6668
6669
6670
6671
6672
6673
6674
6675
6676
6677
6678
6679
6680
6681
6682
6683
6684
6685
6686
6687
6688
6689
6690
6691
6692
6693
6694
6695
6696
6697
953
6699
6700
6701
6702
6703
6704
4426
6706
6707
6708
6709
6710
6711
6712
6713
5367
6715
6716
6717
102
2353
6720
5416
6722
6723
6724
6725
2783
6727
6728
6467
6730
6731
6732
6733
6734
5166
2231
5360
6738
2185
6740
6741
3370
6743
6744
6745
6746
6747
6748
6749
6750
7062
6752
6753
6754
5593
1148
6757
6758
6759
6760
6761
3509
6763
6764
6765
7051
6767
6352
6769
6770
6771
1027
6773
6774
6775
6776
6777
4555
6779
6780
6781
2753
6783
6784
6785
6786
6787
3346
5875
6790
6791
583
6793
6794
6795
6796
6797
6798
6799
6800
6801
6802
6803
6804
6805
6806
6807
7209
1280
6810
6811
5833
6813
6814
1317
6816
6817
6818
6819
6820
6821
6822
6848
6824
6825
6826
6827
6828
6829
6830
6831
6832
6833
6171
6835
6836
6837
6838
6839
6840
6841
6842
6843
6844
6845
6846
6847
6823
2083
6850
6851
6852
6853
6854
6855
6856
6857
2151
6859
6860
6861
6862
6863
6864
6865
4623
3592
6868
6869
2404
6871
6872
6873
6874
6875
6876
6877
6878
6879
2905
2499
6882
6883
6884
6885
6886
6887
6888
6889
2322
6891
6892
4940
6894
6895
4857
6897
6898
3306
6900
6901
6902
6903
6904
1498
6906
6907
611
6909
3957
6911
6912
1593
6914
6915
6916
6917
2835
6919
6920
6921
6922
6923
6924
334
6926
275
6928
2754
6930
6931
6932
6933
6934
6935
6936
6937
6938
6939
6940
6941
6942
6943
6944
6945
753
6947
6948
6949
6950
6951
6952
6953
6954
6955
6956
6957
6958
6959
6960
6961
5175
6963
6964
6965
6966
6967
6968
6969
6970
6971
6972
6973
6974
6975
6976
6977
6978
6979
6980
6981
6982
6983
6984
6985
3717
6987
7006
6989
6990
6991
6992
6993
5714
6995
6996
6997
6998
6999
7000
7001
7002
7003
7004
170
6988
7007
7138
7009
4375
4247
7012
7013
7014
234
7016
7017
7018
7019
7020
7021
2588
7023
6254
7025
7026
7027
7028
7029
7030
7031
3325
7033
7034
7035
7036
7037
7038
7039
7040
6621
7042
7043
7044
6018
7046
7047
5801
7049
5494
6766
13
7053
5071
7055
7056
7057
7058
7059
6460
7061
6751
7063
7064
7065
7066
7067
7068
7069
7070
7071
7072
7073
7074
7416
7076
7077
2740
7079
7080
7081
7082
7083
7084
1814
7086
7087
7088
7089
7090
7091
7092
1011
7094
7095
3102
7097
7098
5267
7100
7101
7102
7103
7104
7105
7106
7107
7108
7109
7110
3849
7112
6714
7114
7115
7116
7117
7118
7119
7120
7121
7122
7123
7124
7125
7126
7127
7128
7129
7130
7131
3499
7133
7134
7135
7136
7137
7008
7139
7140
7141
7142
7143
7144
7145
7146
7147
7148
7149
7150
7151
5387
7153
7154
4340
386
7157
2708
5172
7160
7161
7162
7163
7164
7165
7166
7167
7168
7169
7170
2846
4256
887
7174
7175
7176
7177
7178
7179
7180
7181
7182
179
7184
7185
7186
7187
7188
7189
7190
7191
7192
7193
7194
7195
7196
7197
7198
7199
7200
7201
499
7203
7204
3564
7206
7207
7208
6808
7210
5952
7212
7213
7214
7215
7216
7217
656
7219
7220
7221
7222
7223
7224
7225
7226
7227
7228
7229
7230
7231
7232
7233
7234
7235
7236
7237
7238
7239
6735
7241
7242
7243
7244
7245
7246
7247
7248
7249
7250
7251
599
7253
3409
7255
7382
7257
7258
3183
7260
7261
7262
7263
7264
7265
7266
7267
7268
7269
7270
7271
7272
7273
7274
1503
7276
7277
7278
7279
7280
7281
2389
7283
7284
609
7286
7287
3166
7289
7290
483
7292
7293
7294
1563
7296
1653
988
7299
3886
7301
7302
7303
7304
7305
7306
7307
7308
7309
1251
7311
7312
7313
7314
7315
7316
7317
7318
7319
7320
7321
946
7323
7324
1992
7326
1799
4168
4278
3969
7331
7332
7333
7334
7335
7336
7337
7338
5306
7340
7341
7342
7343
7344
7345
7346
7347
7348
7349
7350
1265
2624
7353
7354
7355
7356
7357
7358
7359
7360
7361
7362
7363
7364
7365
1312
7367
7368
1660
7370
7371
7372
7373
7374
7375
7376
7377
7378
7379
7380
7381
4022
7383
7384
1600
7386
7387
6516
7389
2939
7391
5807
7393
7394
1987
7396
5550
7398
7399
7400
7401
6339
7403
7404
7405
7406
3661
7408
7409
7410
7411
7412
7413
1420
4959
7075
5754
7418
7419
7420
7421
7422
7423
608
7425
7426
7427
7428
7429
7430
7431
6215
7433
2841
7435
7436
7437
7438
7439
7440
7441
765
574
2169
7445
7446
7447
7448
7449
7205
7451
7452
6613
7454
7455
3662
7457
7458
7459
7460
7461
7462
7463
1771
7465
7466
641
7468
7469
7470
7471
2249
7473
1809
7475
7476
7477
5081
7479
7480
7481
7482
2473
7484
3109
7486
7487
7488
7489
7490
3750
7492
7493
7494
7495
7496
7497
5545
7499
