4142
2016
1337
3390
2555
7413
1467
1956
3632
5375
116
4027
2414
1092
2039
783
1137
1391
3501
679
3770
3283
5199
1544
904
7286
3211
3958
2819
7323
4138
416
4857
5485
1592
1380
2170
4651
2395
1030
7429
1997
1263
7232
2071
2589
4038
6565
5806
1250
4467
2901
149
4072
3286
6953
2393
2107
7458
4658
6395
2189
999
6019
2362
5934
6857
7108
4461
5126
1180
5399
1003
5334
2981
2425
5286
4179
2193
5562
5095
1433
4442
3185
6254
3822
6626
6861
5540
3030
3590
1503
4766
5973
1857
5113
3024
1660
1291
5969
5489
7119
6912
1561
428
3801
953
2658
2103
5996
4225
1103
4188
329
3042
5003
2277
153
5825
5036
3198
3228
2160
4029
5989
6153
669
5632
5259
5824
5610
6148
1737
533
1105
3583
2870
563
1517
7249
7439
1927
2037
6765
1403
4860
966
1151
1698
2168
2434
989
6093
4279
4657
4141
4669
1297
1714
2629
4252
4100
5514
4986
4978
2575
4174
2906
1969
5294
3643
5755
2155
3551
3678
4825
7382
4885
6304
2466
1109
4207
3345
5951
1930
1904
2836
3721
1668
9
5829
7489
674
4205
923
1755
1213
3541
5613
6150
5270
5459
1657
5201
5142
3446
6596
2595
234
2709
5211
1019
634
3360
1183
1056
6539
577
3870
4390
3506
4364
5360
736
2167
2921
6132
1363
6957
576
3442
4424
1721
6169
493
1781
6814
6171
2145
2197
2831
2111
1480
2995
3914
2573
2281
2657
1033
164
1402
3756
1681
6003
739
4099
719
1787
7073
5882
4921
2495
3277
174
6368
2910
3735
6903
3011
3948
5435
363
5707
2285
507
6993
1845
2166
1830
5970
611
915
3167
3008
4510
891
4944
5745
1281
2687
936
2648
6205
1866
6484
5118
4466
3856
2062
3532
7207
2599
4070
5247
3240
7250
6549
7441
7131
6238
5715
5693
5550
2934
265
3749
5512
4368
4831
4433
3214
4625
7010
7163
1353
5688
5290
2630
6034
6496
5424
4576
2592
5454
2200
220
356
1054
5725
2287
3387
166
2950
2544
804
2986
1255
2053
1678
4439
922
5866
4806
5833
6356
296
4680
7070
225
2671
5254
2487
4041
6117
1711
6973
4113
2392
4475
1136
3250
2960
4968
4355
1258
4094
4010
3712
1617
3629
5460
3179
894
4305
2415
6721
1558
6497
7116
2799
4367
5779
3006
54
6783
5901
7404
180
6350
6088
1943
6059
6483
3234
4131
5669
248
2029
4148
5133
6813
6344
4514
1680
3357
1442
2248
4069
183
5938
5423
4931
705
1659
3811
4009
6736
4247
718
188
5365
1310
5765
6566
2729
2940
3312
6852
5612
4377
796
5101
3449
2784
896
4895
4967
820
3623
3279
3865
2406
988
4387
3259
310
4580
2895
6686
6041
6209
2256
5363
5804
5706
5871
2031
6695
3864
6242
2797
6342
2534
2612
4555
1772
1112
1932
4243
1814
2177
4804
4008
2315
214
3166
190
1925
7094
6447
6054
1500
1490
6786
6048
813
4678
7169
2918
6083
5350
6831
941
4770
585
246
335
542
3099
1926
4409
365
5085
213
5534
2478
714
6136
1217
7088
4256
5563
6889
6763
3212
6883
5304
2615
7304
5544
2864
3130
5782
186
6251
4028
6823
2743
6659
7414
985
6606
4723
4092
5717
7168
3193
3737
3851
5121
6537
897
413
790
1975
7298
2539
6751
5212
2872
479
5929
5361
6627
6089
1855
1911
7435
2517
5396
4005
3142
2999
3732
3490
6825
7021
202
6486
6677
3810
205
242
7186
2703
1715
6200
4190
6261
583
5559
339
6290
5390
2002
1188
4550
5618
2477
56
1540
2587
4396
6026
3466
2841
3174
612
910
4455
7199
3274
7008
382
5961
508
902
7373
522
5509
3217
3196
768
5957
5130
4404
3160
671
4107
2023
4539
5927
89
539
7450
4270
1081
2181
681
4511
5103
3785
1395
4743
3641
2206
3660
1060
6339
7426
3812
3741
3087
2119
3267
2368
2584
6163
2971
3965
72
4185
6335
1124
1408
4115
5519
5419
2032
4101
6313
7341
7019
6097
7392
2427
3019
2607
5704
648
6491
6362
2301
2723
2143
619
2925
2332
6803
7267
309
6461
2451
5903
6602
4548
7407
3044
2015
754
3043
4251
1172
6092
3758
3705
5855
1040
1059
5071
4206
4732
5339
4918
7418
6567
7000
6340
5659
3753
5751
3635
5792
3689
199
2521
381
6206
7486
6980
2056
6845
390
38
5682
1876
1121
3780
3638
427
75
7032
732
2461
7354
3564
6775
1082
5803
2491
4949
1432
293
1952
3383
3262
1763
3838
3150
4674
5332
4123
2875
253
6256
2356
1259
5637
6734
3761
6608
6434
444
6964
289
992
2749
6800
2131
2801
3670
2114
1555
6754
441
4359
7209
4859
3535
3126
5889
4323
494
1216
1050
6266
1139
5656
7204
2643
2412
141
6726
1519
5183
3514
2035
1086
5172
1550
3071
2419
4095
6970
3305
1579
6535
4950
6678
4034
6739
2238
4907
2411
1888
5727
3925
4713
1265
6511
7090
5520
4783
2913
4663
3867
1417
4777
5838
1204
1649
145
926
6725
348
5442
3996
3236
5525
924
5222
3187
3022
5543
3420
838
2347
4502
5439
785
6166
5723
2442
6798
6213
3685
5926
5845
5836
7402
5718
3316
464
5864
3893
2731
5223
3595
372
27
1655
7198
1700
1098
4874
536
65
1762
5750
6465
1728
3039
6345
6670
3928
2004
203
3976
1079
6796
6055
1903
3686
3902
1425
1672
3495
5265
795
3598
6315
5333
7362
2708
2178
2759
4429
5830
735
593
1856
1224
5809
5566
7276
1532
2257
2489
2485
575
80
516
5430
5821
1189
5086
6381
4284
6578
1982
3117
7377
2258
7129
6478
6500
6446
4958
6999
6337
550
1489
6699
7139
408
4523
6866
78
178
6138
4707
73
1883
4489
4992
2645
2458
4694
1072
247
3268
6099
3707
4316
303
3677
4331
1684
1029
6227
4565
5224
5486
2300
7215
1824
7182
7310
893
610
302
4460
1242
1241
5639
330
2077
1329
2066
7058
5150
3289
6713
3121
7048
4512
1227
5626
6815
3245
6523
586
7001
1170
4998
4965
3153
2689
2957
2815
3859
743
1351
2887
5310
5823
2520
4996
2603
1423
7149
5975
4701
5673
2492
545
6628
963
7307
727
1703
3614
4595
5868
2567
5096
5787
698
846
895
1101
784
1945
2794
5786
6201
5683
2276
2745
3792
520
3816
2765
3227
4617
6731
600
2715
3195
6977
2634
2093
1511
6745
2912
538
5143
6870
1221
863
3841
6990
5089
4229
5176
6781
7066
5015
6101
2450
1760
4519
3363
5141
806
878
5863
3304
4374
2685
3320
3983
6529
1091
504
5988
3092
4195
5470
6418
7018
812
588
2947
368
4876
3888
2222
5189
6985
6471
3813
3949
5274
5145
6222
6178
6004
2484
5433
1522
260
2711
6871
3936
6111
7155
6239
1712
4278
3469
3992
171
5114
2422
1803
2010
3151
4960
1327
6061
5840
1178
1785
341
981
1642
6185
1191
5279
4946
1404
1548
4227
3736
3799
1789
52
262
3321
5362
3961
1601
2915
1938
6398
5321
3216
4905
6684
2627
2070
693
331
5062
1289
3402
231
4487
676
5794
3001
4802
6592
6160
7118
3950
50
5785
4230
722
1415
6107
6499
6961
4671
3520
19
5820
1334
278
5057
2311
3529
6658
4129
3296
1366
6935
5978
67
2730
4047
1921
3606
5331
3476
5239
5781
6687
1306
2133
1422
4096
7308
691
4499
2886
3562
1810
826
977
4269
3202
4989
7039
6940
4984
3620
2789
290
2528
3711
906
3207
1200
3347
5440
3546
1631
2949
1641
3538
6656
1309
3437
1155
1796
1819
6241
3671
5092
3453
283
2323
4579
4398
2665
2378
6282
5711
1693
1163
3876
4471
439
1146
2176
2243
3504
5807
3467
1061
2220
3129
3715
5733
1813
2662
3136
5511
373
4288
7395
6346
5161
7188
3303
2033
6647
3191
4526
3764
5432
2043
7050
6880
6508
4537
6416
1822
5590
3548
7447
4020
1767
5235
4118
1590
1034
1860
3525
2500
4817
2542
5597
1431
306
165
3182
5691
1361
6837
6370
3371
5388
5166
5084
4200
7227
6010
6190
6666
5962
4919
1226
4630
378
3609
886
6753
274
3093
3687
6762
617
4883
5565
5452
3675
1628
6196
900
1816
3794
6929
4049
4628
6847
2284
1569
4221
5225
7104
5588
2966
524
2511
876
4215
6052
418
4362
5670
5284
5658
6231
2363
2608
5798
2972
5425
2021
3808
440
1656
1205
482
5325
4066
3727
1127
34
2122
1944
2041
4652
3134
1616
5382
6507
3776
2586
4977
1578
4570
6476
2698
6514
4973
2909
3661
3720
3885
5904
5552
3023
5697
2879
4528
4850
3894
5831
4198
3921
5445
6646
1088
2142
6293
5812
4158
1084
839
2337
4365
3377
392
4321
2060
3309
2959
6764
3094
3323
2253
3462
5038
1316
5923
1053
7234
6673
751
4417
3915
6545
6836
2533
742
683
5061
5302
4197
7453
2617
1468
2694
3681
282
6323
1761
2273
1537
4803
4134
6569
4468
606
4956
2600
2074
2977
2515
185
4465
3430
1630
2640
6583
7421
587
6162
1612
1765
7350
1970
2217
7335
6018
927
2802
5760
6170
241
474
1639
3602
1541
6165
152
7351
4035
3652
2302
7
5915
2931
6540
2897
6116
6991
6257
7080
6036
1577
5696
4901
5576
4613
2719
5275
3886
3693
4026
823
4420
5404
1064
3645
5148
4624
4814
5037
2416
2291
3709
1424
7482
31
5070
6698
7246
3332
2282
5293
4822
5487
2213
1018
7296
2690
2017
6230
3968
6424
1571
4545
2140
3103
6450
547
367
6094
4334
3255
1481
1152
2954
370
6716
5999
3456
5204
5185
517
6130
4689
4257
7260
3270
7130
3004
2943
1808
2024
1818
6911
2532
851
1587
6506
4208
3241
978
5735
5151
7314
3823
6105
1691
6830
2991
2540
5555
2365
6073
3878
5289
869
3779
2571
201
92
4940
6405
4204
5942
6428
660
5255
2798
1283
2274
6037
7102
1733
3247
3233
4564
1936
1971
2833
5209
7469
6119
1929
6872
5324
2951
3322
5964
6156
1670
5819
6031
5869
3096
2340
1348
5453
7480
2942
3162
3981
6682
6810
1175
3341
6044
5233
5623
5136
5311
3804
6501
5728
3906
2914
7063
6807
1573
2583
2973
990
6988
1198
129
6898
393
4878
6547
4900
1379
3544
637
3412
1743
5377
3836
2229
207
5983
5885
2342
3536
2917
641
3112
4399
3594
4637
1774
3415
4729
6504
5599
4091
6848
2179
4710
6
271
5283
6846
5393
1367
568
1133
5326
2404
1794
6472
2014
2821
541
5157
4742
6780
1426
4301
4724
2512
6260
79
5315
2308
1861
874
6616
4865
5749
4815
5892
782
2426
4168
5757
4599
2970
7213
2953
485
371
4728
2548
7197
1595
6550
6300
5112
6934
7030
3994
5790
5739
6768
4213
4785
5328
1779
2814
1833
6125
3684
1026
5867
6996
3603
5017
1662
5097
3450
4184
1305
685
6876
6305
6576
5827
4314
6715
4588
2470
6542
5557
7068
1393
6309
713
6296
720
6517
6873
6291
7494
6457
2844
3975
1339
3639
1486
44
6329
6503
1905
638
97
4868
3477
2856
1738
3120
6613
4435
843
769
3378
187
7071
4649
76
5011
96
2417
421
4122
5218
3088
6750
1028
1441
340
5764
721
4897
7065
1075
7274
127
835
5417
61
567
6943
853
3260
725
4068
4289
3580
1385
2400
4376
2509
7287
7290
2785
2585
3047
1271
2116
5629
2373
4886
412
2961
4622
3552
3771
3889
4120
3164
512
3774
3682
800
3496
3937
4571
805
3634
2252
6149
3724
2120
2564
5837
5210
6481
7387
5818
5004
2644
6265
5620
5050
5348
4369
5879
3359
529
1445
5380
4981
2626
1562
1531
2553
2270
477
3257
13
2519
4673
6536
2812
7311
2115
5227
7254
2633
6032
483
3803
943
4516
2717
7303
3020
3883
3326
2873
2185
6516
5044
2829
6195
1742
98
7360
2681
4632
1371
864
5740
7098
3978
1957
1570
4473
579
235
3148
1097
3607
3454
5640
1377
1953
4014
2714
3333
7273
6390
3751
1879
5410
1194
5054
1754
446
4739
1115
3465
3917
4845
209
6572
3338
4745
5124
43
2130
2688
1644
2924
7174
5366
6919
1598
1174
658
5159
1961
160
6622
700
4153
1085
3615
4661
6603
6892
1999
4310
2937
6944
603
2556
2246
137
3076
2199
2727
2476
4264
3036
877
3444
33
1553
4235
7245
5029
136
6311
2744
3432
3424
4287
7202
3858
1475
266
4105
5055
1729
3566
6585
3488
1451
544
4903
797
4175
4837
2761
7081
552
2052
4438
2494
2558
4735
3119
4497
2994
228
7091
3622
7285
1134
3060
2874
3056
5165
1443
7344
7465
4281
3330
3990
4578
6661
5108
780
2048
4495
4266
1394
6662
2078
7331
1585
6520
6747
4391
6435
2604
1412
6710
2867
2321
2126
6212
5808
3997
1280
2075
596
7103
3108
5280
3854
7053
4540
5079
3163
6859
4016
944
1135
5906
2978
2204
6221
871
6546
1776
2565
5596
3945
595
6253
4614
5434
6147
7141
222
2085
4898
4748
969
3104
6412
5496
879
6619
3362
5047
962
4887
7437
6938
562
968
2186
4077
5573
6377
2842
6939
295
2369
6949
1102
5063
4233
4224
775
665
7124
5569
4414
3646
3710
6371
2578
2668
5337
6933
4731
6543
2751
986
5769
1459
6696
6534
4484
292
847
1615
2984
4358
1067
6013
2239
2383
2237
6373
2852
4515
1889
616
3972
5634
3650
3913
1311
194
7409
85
4419
746
673
4722
2881
6145
14
7496
3526
2000
2933
4172
5677
2493
3604
6760
1798
5680
7025
1735
983
1567
211
7401
2385
4457
1910
5196
4137
2497
2469
4644
7004
4214
5295
3197
3459
1262
3398
2353
4790
3679
2105
312
4408
5716
1878
1392
6420
6208
1292
3982
6532
6816
2249
5288
678
6575
399
7256
554
4880
3374
1665
1989
6161
104
3154
2616
5467
106
7497
6926
5518
6070
6302
1580
2418
1421
4128
2265
4114
4013
3475
4007
7391
6794
4647
4554
7200
6396
1563
1048
626
6995
287
4001
0
5378
1047
4639
5359
2902
1287
7027
7456
3527
1257
1387
437
4927
1750
1621
6454
2581
4478
956
2350
3842
656
1399
860
1995
6459
7347
3637
1877
5621
5817
5194
2503
3175
5692
6735
556
2792
1014
1382
2268
4201
7445
2764
1229
87
1890
2734
1274
6513
3015
3209
639
913
1748
4700
903
6705
332
1430
688
6833
2092
2722
5893
5053
5006
3760
6482
236
3428
692
2225
5349
7210
1987
2787
6586
6276
4762
6458
77
7427
5370
3224
1024
291
7317
3805
6277
2549
7238
3964
5993
6632
6981
1469
6555
422
6240
2752
762
1846
5177
6875
3445
1354
5052
4299
5277
3429
6950
3232
7390
2076
7436
3145
6143
3680
7078
2358
4260
6358
1011
1951
5497
5207
4606
6366
5712
3370
5475
6372
4430
4684
5023
3499
6839
2279
4346
4351
1369
6006
916
4987
1322
1045
1992
5530
7284
4574
4784
3426
3644
1530
3141
4592
7283
5828
4589
3555
1328
6979
467
3861
1821
3107
6456
41
3573
662
6777
6347
4916
3033
3455
1479
1496
1988
204
1261
3486
6672
5624
1623
4999
2673
1076
2843
6679
3181
3238
4970
4165
553
1784
950
2117
1872
2110
4616
1843
1629
2244
1455
3005
4610
5748
4413
5849
3203
219
285
4672
6759
5875
142
1015
3368
5551
1753
532
2700
5627
3782
1775
2488
5852
5722
624
3361
1885
1525
5317
3098
821
2187
2396
4267
1898
2299
4053
7177
6268
6140
4952
2263
5215
3188
3381
791
3919
5033
5905
7349
476
6790
1340
7459
1608
6998
6174
2086
4542
5312
4271
337
5943
6480
5850
1111
2319
3668
5721
5919
6236
6490
5784
2251
2241
71
4612
3584
1509
4178
2944
5340
4695
1791
2138
7072
4654
2161
4508
2622
1862
3053
491
4209
6259
6522
6589
3225
2402
6561
2192
2109
6113
1504
5282
831
1349
6614
3393
4241
2605
7077
4434
1372
5479
4953
6580
1472
3366
3396
1741
5549
1661
1654
3356
6634
6755
134
1582
2920
1820
2740
4103
4971
3319
5083
6351
1694
733
5292
6451
455
972
1650
6033
5631
5796
5501
5122
3582
2376
2591
2541
4747
1238
1058
3109
2045
4788
6328
1463
3230
919
5252
2967
2678
2757
932
729
7471
1934
5949
4811
2551
2650
6773
3295
7448
4336
1176
3518
2522
2869
2345
1420
2307
3272
3839
4704
5865
2631
4320
5788
901
5402
3016
4536
7297
4402
3624
4538
7074
3249
3261
7105
2699
1773
3178
4427
5206
4726
6068
2440
7127
3124
2172
6778
2593
4596
4226
326
6729
4145
3165
7452
1256
1357
704
4386
5319
4715
7292
1383
1304
3144
643
1043
1966
4685
2223
2379
1016
7158
5441
2146
3003
1844
126
7257
1901
1406
5968
7322
4410
1027
6612
808
4749
6287
6518
4126
1710
6403
3704
5630
2652
5162
5016
6008
1954
3922
1119
4736
268
4976
470
1663
2049
5352
377
6199
5008
7372
604
4163
6704
2993
5507
6924
7491
1195
7485
1720
7237
2570
758
1471
2390
6959
3588
4679
3276
5469
3392
345
4509
4162
2574
6341
5967
4618
1739
2637
1850
6992
787
1142
4634
1488
4017
4477
4635
5774
1187
6625
6285
1456
883
3460
1439
7425
5034
2588
1771
3963
7381
7300
6245
6652
7033
4819
2625
6380
939
6865
566
7092
4601
4315
6668
2672
2377
1130
5056
1948
1671
2903
6255
2148
2795
574
5860
777
715
113
1177
3844
327
5635
49
250
5344
5190
3218
4242
5587
1457
7319
5761
5296
6681
1702
3653
3832
4670
2467
6799
3907
6556
6749
2221
1923
6937
6318
1596
3974
5266
101
7046
1912
1922
4933
3610
3269
7356
4140
1967
1614
5041
7252
4486
7225
2097
2667
3189
4411
5075
7153
3062
4210
5081
3115
5694
5429
2290
3533
4476
5663
608
7052
6669
2267
5098
6744
7115
4873
3235
4727
59
723
4373
1637
2561
1920
1416
3029
3807
5139
3180
7299
2976
7054
6948
560
277
5455
6414
912
3131
2050
3767
2670
3349
5778
1296
4665
940
6177
6804
4778
1834
6719
3561
5946
2768
35
4448
1444
4042
1126
1240
5171
2234
6554
458
5944
5100
5271
4840
3417
3287
2779
7261
4640
6192
1882
4943
249
7488
3293
3884
1364
1523
4361
6594
3055
2754
710
6657
6921
4847
6835
1286
6945
5072
592
1891
5675
275
2320
5438
7082
2254
1278
7479
7403
2211
1132
1766
5940
6375
3440
1410
2748
5894
3435
4904
7301
6795
5160
2878
5503
5832
6415
548
4853
4889
6167
1237
5437
2027
1218
911
3159
6584
3041
2810
653
2428
6748
687
6531
5541
4719
1664
2669
388
3513
4488
1282
970
2780
333
2529
3263
5474
7423
239
5461
7327
7087
993
1201
462
7012
5747
6314
5810
6533
2620
1682
7137
6746
1638
2325
7042
4823
1501
594
3327
2813
6690
1269
646
4023
4261
2807
2106
5813
3034
2695
5208
6538
7306
7473
6402
628
4690
5667
2036
7318
245
1534
1110
1696
6469
960
1239
6080
7343
3419
3220
6631
7244
590
4337
4280
3436
4829
2775
1828
1807
5383
4011
1635
3952
4345
7166
5897
6355
5064
2601
1453
6688
581
5046
3830
2965
6909
7329
4863
4196
5010
4575
7060
1487
2098
1041
4553
1303
2613
6971
6001
7093
3585
2619
5932
415
4566
4202
3935
2269
3059
417
822
4761
4400
4192
6851
1106
3493
6295
6858
4581
965
810
716
2557
5848
6914
1295
3052
39
2547
3458
6976
1780
4254
2445
7222
1276
403
7079
4265
6840
6232
2205
5585
4881
2259
5746
1169
6179
3690
2198
6487
6164
2433
3342
7415
456
1799
6784
7233
4912
5570
1757
5409
5094
1370
756
2080
4789
2877
5814
1405
3829
7365
81
6354
3630
7045
7015
4856
5032
1793
3523
3125
1362
6703
5492
712
5841
7172
5992
5661
5537
3946
4923
1209
1158
1782
1253
4922
2242
521
994
2956
3570
5641
107
5589
5471
3640
809
5420
3343
5238
5925
6983
3389
1871
299
571
4296
955
157
7428
3916
3100
4872
4044
1873
2336
7432
7412
4535
7321
1965
1365
3940
5446
6363
6528
2195
4546
2884
429
2359
3192
176
3026
6224
4240
5018
132
1248
2770
4036
5773
792
6391
2975
4167
4768
1510
4705
526
3699
1658
1695
354
2647
3464
6085
3479
3531
6202
6030
4775
150
6462
2674
3743
3826
1470
2464
5911
6246
2781
2809
887
7132
2289
3411
947
6969
1985
3852
3438
3897
4469
5408
5950
2762
4203
4031
4157
1222
3901
1317
1611
706
2012
1594
618
551
6137
6284
1483
1574
1244
2788
6680
4453
5123
2858
4474
4730
189
6509
273
6776
486
2083
5394
3237
6856
2367
4611
3768
2429
103
3508
2397
1968
3317
7002
6785
4915
3718
1254
1302
4676
997
5080
3482
3485
3002
2135
5245
6644
1378
3284
5234
135
6676
942
4397
3789
7176
7333
5125
3547
5384
4746
2654
880
3665
6714
2153
4533
5891
5335
817
3797
4582
1543
4090
7212
4786
707
1171
530
2453
64
360
537
7411
16
6526
6779
5268
7112
1606
5767
3291
1825
6120
4217
6014
206
4836
5719
4177
5250
1706
4974
4322
1450
84
3176
7036
4854
117
4959
1268
2919
6269
2374
2099
772
2215
6074
854
3018
5561
6895
7191
2094
5264
2124
2081
7055
3618
3657
6960
6849
6663
3669
4372
5354
5309
1842
4164
2051
2375
2230
5413
3987
4325
3821
386
4485
4356
463
1162
4884
2063
5431
5191
975
5876
1863
5140
3819
3542
2621
5646
6654
2756
1962
2712
497
4869
252
358
1974
3818
2508
1549
4464
2118
18
7041
6524
3619
2292
7114
2034
2275
4816
1800
1063
6466
5930
2326
4121
2928
2659
3814
1913
2923
6727
5898
4852
5582
4603
5120
6664
4877
5649
4395
4333
4882
2830
2705
5524
2560
191
5403
515
5880
4985
5186
4703
6021
7028
6207
3253
2952
5308
2011
6106
7369
2398
572
1113
6399
125
3204
218
7363
858
2351
1401
5330
6563
2020
3786
6917
4276
5014
3473
4909
3463
4160
3038
4702
4503
3169
6154
3904
1560
1734
5367
2510
4046
5671
2857
6600
128
346
6494
2443
5578
3754
304
7117
5633
5564
1099
162
3765
3149
1839
6334
7017
2728
1924
6519
2725
4110
7064
7332
3740
2982
2805
6066
3781
717
281
5490
7302
4759
6141
4751
5601
2990
2341
645
4428
6025
4136
4894
6280
1144
2545
6617
4552
1939
2691
2896
5024
5963
5952
5709
6706
5202
3351
3592
3281
1049
1373
2019
591
4744
5192
5695
2448
3173
4341
640
6997
5236
4677
4740
546
4794
1129
3746
7293
4667
4415
3744
4117
605
5273
5267
996
4573
3427
1345
4161
155
2355
4948
7096
677
631
1342
3313
7328
1858
3943
3079
952
2212
6252
319
6126
3849
766
2245
7151
2008
815
1078
837
5049
6015
6210
4055
5577
7035
4522
5082
4326
2610
5644
2888
3258
4388
1547
5090
3113
2826
1950
629
4186
1756
3111
1676
4659
469
1955
859
5231
1073
5374
5065
5030
2916
4127
4472
5287
3451
4776
1036
6541
3067
5088
3524
3140
7240
7388
3009
4443
3085
1556
7422
2394
2449
7379
5386
25
1526
6409
6063
6717
6693
2882
6109
3418
3985
1434
6609
7076
5228
3591
2121
7259
2436
2736
3769
2129
5638
830
6801
2598
6455
4166
138
5603
5679
870
1249
1035
2845
1044
6142
4124
3941
3517
711
2536
2962
602
3229
7461
2435
3577
6966
4567
3423
7140
4648
3483
5213
4936
2079
4520
3742
2127
4833
6327
6110
4151
2357
4631
74
5571
4102
1347
5702
7056
6024
6701
1619
4962
5700
6593
753
5595
930
6737
3654
5955
1436
3933
3716
1521
4004
1688
258
1374
351
5619
4947
3075
4688
380
4846
3626
5981
7180
12
5592
5799
7394
1896
384
4458
6173
3226
6655
505
5135
3161
1252
256
2025
1947
5109
355
1207
730
818
6562
4112
4832
6448
3784
3146
1725
779
6986
4263
7194
5648
5291
5181
7226
3951
6411
937
7099
697
5687
7419
362
4019
5839
1730
4352
4108
6349
3017
2370
3984
4954
2459
1869
2721
3027
6667
4858
7280
1197
6599
5665
2837
4993
3899
6882
6401
5856
6564
2771
4231
5457
2371
4366
7305
2159
94
1270
664
5009
6267
4906
1622
1802
4753
1083
32
5913
4562
4862
833
1648
4807
4914
7223
7156
5002
6086
3879
654
6289
3627
227
6272
3647
519
394
7101
3264
1981
4311
3559
3494
1777
7325
3364
2666
3613
4246
391
5027
4506
6722
670
6806
6336
3703
6805
7442
4627
3248
2218
5651
6965
6270
7061
7023
3215
1143
210
1946
5686
905
6228
3967
3086
1009
5107
5182
4910
3719
6394
1333
5364
1462
1461
3589
7218
951
6841
6474
2614
1
5241
2465
3421
4285
5314
3733
4941
3658
3571
5134
1613
4584
5997
5553
321
1192
2293
599
4531
4147
4379
3973
5554
6194
3722
3989
173
5318
5862
6863
2839
2061
1214
5775
221
5921
487
1908
4675
5128
6942
5910
3673
6449
2651
156
4025
3208
5422
254
6333
4022
6890
7241
7265
3122
22
4463
5754
5960
3934
7003
514
6860
6802
613
825
7110
4763
2474
776
2746
2655
1958
2568
2710
4787
5834
5493
666
3738
5395
2929
3379
2927
2202
4975
759
3534
5406
5854
2054
5180
4824
1506
2861
4385
7211
601
2611
2278
2908
661
2312
4109
6582
3543
1411
4199
4650
2774
434
3365
4436
359
3750
4711
6102
7164
3556
5772
7059
4076
1620
5484
842
109
2907
3567
1390
21
3101
1264
7405
3574
2463
6817
197
6477
708
1338
4556
2576
2196
5574
217
2044
6103
2763
1902
3931
5522
6098
1652
1634
6051
5465
6694
6220
2945
6740
6573
2401
119
652
5780
4054
3290
3800
1994
5494
7173
7268
6115
1314
5028
882
5456
7475
1964
702
4821
6811
1823
2001
1533
1182
7221
4275
4893
2240
37
4248
1609
6660
3158
5313
5184
167
2224
1219
3766
3299
2707
3434
376
3028
6574
4969
146
4767
6604
1704
1812
3648
5531
561
1458
179
6374
4870
1298
6963
2432
7159
1210
2602
2366
4327
3957
4286
4500
4239
5025
4262
2065
4086
1057
7024
1179
2455
738
5608
5508
1848
2939
5741
3853
6473
4343
6133
3102
650
921
3014
2992
2169
3843
2182
2480
5149
7398
1588
5759
748
2068
4059
2318
7440
1154
2758
2922
5916
5643
598
4983
2550
5690
4708
3491
1633
2701
1867
6761
7463
6920
4193
411
5966
3540
3817
6400
7051
3408
555
4896
5853
2579
208
5617
7195
4911
471
5306
1497
6791
6250
4687
2288
824
1427
5572
243
6263
1473
5738
5523
63
6322
1381
6445
584
5580
1817
5636
1288
5660
655
3311
5895
6248
226
4945
2233
1591
2421
5526
5956
6733
5674
3579
2007
6168
5607
5448
4696
511
7474
5939
5976
4656
2582
6180
7326
1168
1723
2136
2486
4084
3608
1786
525
3845
6894
948
1495
430
6987
313
502
1100
684
1602
4849
5078
45
2156
1460
5861
1153
4462
7470
3918
2454
3763
6273
3791
2409
4779
5253
3172
4791
4666
4075
3872
1020
6321
3578
1736
466
40
338
6559
4021
1335
169
6879
4653
4532
5240
4980
4772
5468
2894
6152
7431
6774
5031
3116
1324
2502
6978
7034
6650
6364
2623
4216
2713
3628
5758
5127
2171
7038
7408
4609
6867
419
3726
1724
6832
4641
4930
6016
4800
5872
2871
4274
5115
3787
2271
7455
6275
6587
1478
4929
2782
4421
4734
5650
1012
2468
1610
2983
2305
2431
2800
6007
3400
3954
2941
5138
269
6057
5464
2776
4683
2072
636
680
6306
7144
6819
6984
1568
534
4097
1589
7121
6651
2260
5447
3138
2360
6928
3399
216
2444
5726
91
2296
232
7136
982
255
7424
2335
343
3468
6752
3802
1330
6854
5606
2387
5175
6548
3242
3969
1066
4558
5416
3891
979
5463
1006
1747
1586
397
1466
2113
5232
7126
3560
2059
3597
7206
4062
4403
4154
5884
4392
6118
4964
5502
3058
2684
2663
7135
1368
2546
1973
264
7451
3995
868
3307
4104
2298
6042
2543
7152
6317
2969
7243
5752
3448
7449
506
6492
3752
1148
2157
6429
5012
2475
1493
1512
850
2737
4717
6512
1770
6326
11
23
175
7417
4078
6331
1004
5480
2706
6782
1701
311
196
3157
6467
995
2329
7230
5770
5436
5953
5907
2790
4171
6223
1520
570
7410
6485
2483
1722
7484
5532
5965
625
2755
4032
3177
5193
2209
7005
6437
2457
2210
5263
971
1332
642
1705
2863
5106
257
1917
3663
6638
7433
573
1583
7364
789
3587
5591
2303
6932
4080
4752
124
3576
4039
4173
3032
1996
3880
7288
7084
3790
3512
4781
5899
6387
4169
5458
5219
4792
3882
4425
3025
6792
5174
607
1007
1275
1554
4600
3549
1319
2361
112
6951
2853
6905
4354
488
5305
435
4524
5187
5546
1164
93
286
46
5826
4841
7279
4290
2408
1001
3
3656
6671
105
4456
3413
3168
745
3302
1640
5998
5883
3848
5307
2430
771
5705
3522
15
3133
920
6697
5593
3683
6560
4176
2294
7075
7383
7201
2348
5244
1323
2524
4957
6047
6994
6264
4494
3372
6384
4842
1731
744
3328
1557
2675
5298
449
5533
4441
5714
857
6665
395
5655
5443
5372
4015
182
5575
5654
4024
5737
2438
3868
1538
6521
5110
5093
4668
7487
6874
3254
4060
4431
3507
621
2183
5753
1346
3110
5616
6438
737
5878
3308
328
6989
4332
1539
5579
4050
5924
1166
1768
6389
5397
5091
4655
24
6022
1603
1023
6605
5163
5676
17
7495
5984
5387
4470
3728
83
4324
5428
4563
3956
1413
1396
6962
2338
2827
1709
2123
4602
3757
4997
325
2998
945
406
1223
4058
2095
5167
5685
7160
3300
426
2606
4211
6319
7109
1350
433
909
788
3497
1315
2372
5835
5346
4871
3827
752
6144
569
2505
6432
1131
2151
1449
1089
7175
4223
7380
6636
4809
308
1074
6907
2026
1516
3083
4926
263
7255
2898
2399
6320
5400
5653
5995
5678
2964
29
1559
4057
973
4994
5001
6975
6915
4449
6436
4797
4805
7185
1937
5584
1545
5734
272
7181
5771
1514
5418
3010
4902
5060
5237
2866
1080
6579
4491
2816
4633
5216
3999
5019
5498
7337
6215
2554
5451
1708
7006
2935
5473
5657
949
5797
1697
1713
3171
2231
233
5276
432
6050
3007
4255
6974
3869
2090
240
3502
2040
2364
2208
1260
6332
875
2235
3394
984
3285
6510
3404
3336
5710
734
1359
1307
6191
5342
498
7216
578
3051
6039
2538
4459
3373
5391
496
1646
3265
6468
5058
1013
5048
6325
5117
1140
7375
2203
2876
1513
918
5628
1897
6225
6453
4375
1407
5005
7100
5931
5647
5990
7468
4156
99
1002
4150
3731
3433
2028
6286
3064
6570
1727
436
2938
5672
4300
5205
1769
3186
3908
2304
3702
5504
7016
2530
6956
6379
1865
6908
898
2893
2047
2137
6498
3553
4928
4771
5256
334
840
7184
1352
6181
1718
6452
3642
4758
5937
4087
1942
6038
7324
7281
6505
5152
352
1032
663
7477
1159
6095
223
2904
5164
6056
4607
5684
5069
5200
2382
2498
2141
2979
4782
6087
424
7483
4133
6557
3315
6367
3021
1764
4412
6023
3550
4061
958
1118
1285
4250
2089
1874
1624
4219
6868
2038
3910
229
2958
2295
3612
323
3860
7481
5510
154
2822
2313
946
5982
5936
1447
3471
1477
6002
3788
2460
1211
6357
2955
1344
559
3877
144
1935
2096
3674
4560
6621
1279
317
6674
4908
2280
478
3991
657
3694
967
892
2889
4064
2322
3895
4972
1552
5548
6049
6793
2264
5042
3905
802
1212
5379
4543
2932
3294
3329
2310
5481
2447
3388
1093
991
4966
6064
2572
396
62
5822
2132
6639
1070
6077
3887
3672
5040
4418
3970
3288
484
7190
3352
6769
3382
6005
2679
6685
2686
1202
6530
1919
1052
7330
4738
5985
6159
814
5353
490
6430
4937
4085
2850
3072
889
7214
2046
4371
4437
3515
1193
4445
7478
6131
3762
3132
6017
3773
7263
5341
2255
659
6553
4297
4446
499
1959
2911
2389
3061
2806
5842
1805
3932
472
1272
3521
261
6591
6732
4686
4093
3713
2247
47
4888
2936
4220
6720
6067
6234
5381
3376
5491
1679
5068
6645
1687
6108
5902
1233
1859
1358
5144
4135
6598
964
4106
3474
4232
7067
2207
6338
649
7361
4725
5542
5243
4605
4318
28
2042
4501
2868
2696
4646
6385
6343
6229
2266
4598
5013
4045
3271
6407
3793
5035
1215
764
4074
4660
1294
767
364
6571
7269
5074
1017
5918
6595
6853
1653
3772
7219
7400
2073
1485
6175
6237
5581
284
4393
6525
5652
5412
1123
2297
2334
3923
2664
5708
5811
3354
3831
3539
1524
1203
5281
2147
353
473
4303
7107
3730
7171
1752
6186
4810
4277
6916
5355
6808
3397
4988
4681
1161
1528
1165
1230
3013
5873
6393
4835
3046
3068
6053
1880
7097
3947
2989
6027
3926
2618
5345
3335
2501
3147
2067
2890
4995
6947
5515
6218
4712
6896
4557
2563
5586
4338
3510
3481
4048
4238
2855
6121
3912
4116
6193
7089
6155
3065
3221
2175
5815
5026
7275
1454
6590
3775
2481
1190
4638
60
5900
4483
3114
987
961
3717
259
3662
48
3519
6630
5977
3605
5945
1318
1881
7291
452
1604
2191
1505
3962
7113
4518
695
3367
6700
2835
1167
369
5111
726
3706
3416
5720
2232
1699
2306
4492
276
689
158
3337
1940
1313
4401
2724
7228
6711
336
2381
5045
1778
7120
251
4212
1978
6906
1235
3930
480
1492
6552
3073
3980
7011
6426
1320
3401
1234
4636
1196
5622
4991
7022
4037
6918
3815
3633
123
7295
1220
5261
535
2824
2317
1087
3920
565
2642
5411
4481
5662
143
3472
6072
4527
5478
3278
2154
7266
7309
6877
6767
3127
6441
6444
3777
5768
1518
7376
1984
4426
4979
4335
431
5343
3406
2158
4119
6742
4183
86
5155
442
1386
2331
6834
2948
7272
6642
1247
6488
5890
3074
6283
6842
1116
1482
184
622
6641
5357
1438
1117
2309
5513
7420
7357
3903
7157
5299
1600
6495
451
3659
1000
20
6885
5614
3692
3563
6675
3155
7493
88
5615
2772
4308
3037
1546
4662
6502
7366
5756
3089
1575
4380
237
7396
3857
3405
6075
7399
6869
3031
6020
95
4081
2005
4559
5444
6297
7367
4764
7498
7161
731
4130
6386
2513
4698
121
3900
2562
4551
4963
5300
454
1150
2716
2446
2747
7316
3306
5178
4844
6294
1343
844
4549
5594
1972
5642
6249
2680
453
314
7278
2905
523
881
1689
2324
5285
1815
5598
5476
5385
1941
6292
6952
1851
7467
2069
2228
3190
4067
1894
1125
4079
385
3599
1502
4623
2330
2693
7490
5129
3091
5844
2594
4353
58
5398
2082
2439
2636
4451
7348
4892
3636
7457
633
1632
2352
4268
4813
4313
357
6913
518
1199
4490
6011
1744
4879
7258
6045
6288
3575
651
3820
1536
4295
7062
5373
4328
6601
3035
938
5881
1788
7374
6060
1837
2753
3063
2697
3966
316
686
294
760
5336
5156
7345
3012
564
5731
4180
935
2849
5979
5099
4344
4498
2386
7145
724
5802
4307
6475
5994
5043
2102
5356
1122
298
2818
42
53
7170
6388
3297
4043
5730
2825
4643
6204
2349
5389
1933
4382
361
1022
475
1419
2859
6826
3530
6096
6489
5147
2773
151
728
2462
3447
2437
6279
4056
2577
6881
1464
1645
6618
3431
3569
2190
4496
4073
3380
4191
7430
1529
6062
1104
2523
1208
6864
5987
70
6743
118
1138
2804
280
465
5158
3953
1854
7352
635
2535
3443
4089
140
2702
6718
1906
4245
4834
4843
615
1584
6770
5021
6624
402
2732
6216
908
3498
3484
931
5077
3325
7444
5351
933
620
1886
1849
4586
2134
5146
2926
2504
1949
3478
4416
300
6134
2088
4864
5914
5188
3243
6597
5558
3929
7217
1149
4691
4406
914
3252
6897
7154
410
5369
3344
4317
7231
2286
2635
7026
6365
1494
6330
4389
7128
445
3825
5137
4065
694
3871
2590
6028
4383
5567
7397
1507
3714
5495
1673
2164
4329
2838
5602
4149
6515
5743
5703
168
6427
5246
4718
6923
2201
192
2880
2883
3457
3314
957
1325
5920
2638
829
2899
4583
1156
4861
793
4253
2482
4720
425
5320
1157
6648
855
6709
3384
6844
2507
2149
5947
6298
5793
1326
6129
3809
3082
861
3239
4342
6408
5625
3480
459
5877
1236
3846
7146
647
6692
1042
1827
3942
5763
3090
4938
3977
3441
2750
5609
2632
5698
1515
6299
2150
4756
4405
6211
4875
3095
4547
3666
5600
5974
3939
6360
3078
2084
4780
1647
2597
4394
7224
5539
5000
5371
7095
3649
7014
3631
7193
6771
2391
6891
5527
3194
4312
7203
1397
7472
5392
7339
2742
5538
2860
3266
90
3755
1893
4003
423
1398
6723
7208
2987
7393
6348
2188
6000
2649
1847
1096
2661
6730
873
26
5941
1308
7438
609
3097
2808
6312
6702
5301
1751
3040
163
3545
763
1508
170
1868
5528
1448
6439
4422
597
4839
1228
2173
3331
1452
4360
3050
623
1795
3593
2514
6568
2283
6431
2735
1686
2628
2174
5482
3223
4692
5154
5545
244
4920
5922
7270
5664
3960
4152
6233
36
5547
1039
1690
3986
5980
7476
5517
4587
5896
4139
6691
6941
509
5887
3979
7111
865
1010
6741
5039
2214
4330
6151
114
2692
2490
6443
4350
4798
7143
2499
6728
2163
1360
279
6278
5316
7239
3123
6243
928
761
4302
6262
6182
7406
3045
1667
6081
6172
1356
867
4000
3128
6581
7123
443
4925
4544
4493
111
1542
6359
4585
4568
6361
7007
6850
6955
181
2552
1185
7229
6422
3896
6079
3840
3586
4795
1245
3778
1246
7147
2641
786
5886
1414
4521
400
1107
3077
3795
2741
3298
1535
6635
7434
6633
1266
7106
1251
3959
1745
4951
5347
1384
549
4234
3452
828
5874
131
627
4693
5499
5327
6623
2128
1173
7262
3725
799
3616
4187
849
1206
1499
755
3850
2184
1474
7248
4590
2811
1726
6440
3355
4159
389
120
4030
2596
7069
2777
6090
3625
5472
7289
2506
4349
4812
5415
770
5742
3292
5776
2022
2720
5376
7013
3084
1025
4370
350
6954
3170
6653
1484
1062
2718
1960
6757
794
6114
7037
7235
4796
974
6620
6797
5322
344
5516
1008
2108
6035
4541
6203
6946
5847
7192
1231
6128
7242
4709
3503
5214
6818
6967
4088
531
1572
4697
954
1998
4935
2767
3358
4982
644
6187
1120
6738
2104
5991
1836
3798
6244
2472
4347
3422
6931
5766
7342
6043
7446
6899
1037
6303
4529
4482
5221
925
3998
2566
1321
6615
2820
5303
1038
4682
5195
3509
3395
4
3334
6378
4629
1892
5529
3698
288
5421
5668
1267
5713
7389
177
4012
4505
6127
1717
2726
852
3275
3256
4292
3611
7384
862
5059
1114
6527
6184
1783
3201
5805
2793
30
161
4504
6788
420
1409
998
1931
2226
4357
1128
7205
2152
803
1388
5736
5262
4597
5073
3890
3528
7179
4827
3695
4033
3318
3156
1581
1838
1669
5954
1870
1607
297
5986
2013
3069
5297
811
7253
2791
1900
1674
4082
5405
6122
773
6065
6214
6968
3118
4450
7462
5242
614
1400
198
3369
5959
7370
1963
4170
489
7142
4063
7043
5605
6369
3739
230
5105
6787
1160
2624
2343
5689
827
5258
69
3391
1749
7148
5329
749
1566
461
801
1599
6558
2101
5791
3651
5102
6219
5699
6958
5645
1915
6084
3213
3425
6376
4615
3927
3568
6069
6316
6176
2660
6828
5477
4189
238
6789
4664
3971
5249
6610
2194
1071
4645
866
4051
324
741
2346
172
7294
1719
5909
6927
3199
690
4132
2144
5505
7460
3697
5230
1980
4052
379
6135
4799
6887
4765
6274
6091
4423
1077
1068
1301
7049
6629
1677
6197
5935
3873
5535
5521
3701
1065
6470
2639
5226
4750
501
5051
1790
2783
4577
108
580
4855
6157
5506
407
841
4480
1597
1918
3866
6158
6829
7165
1284
3734
4381
1465
2452
1069
5666
7031
6772
1312
7220
387
6271
2985
6637
342
1181
5272
6217
4801
1666
2018
1232
5568
1804
2527
2851
133
2405
4955
1627
3280
5483
5179
3324
4899
6925
3837
6708
4407
2559
2766
7378
6812
3565
1979
3557
5795
807
6046
3137
2057
6425
1055
558
5789
5851
5972
6382
4378
4282
4348
5132
2479
1806
2091
819
6012
7385
5401
4848
7492
3231
6855
481
5269
3688
4249
5066
5220
1832
1991
6551
1759
1440
5724
318
3143
4867
2891
6188
7083
4083
3667
2796
3581
5762
6900
2328
4917
3409
4990
6392
2162
6683
4236
2988
4479
6029
1429
3080
1446
980
6100
3375
6838
3833
3000
6071
55
7334
10
5556
4517
750
1916
1094
6104
2676
2030
2865
1341
1299
3617
3944
267
110
6281
899
4454
3676
1675
2677
4304
5859
7029
4620
6821
6884
5414
500
2413
1625
1243
699
2384
682
2424
2778
5729
4306
7085
7009
6353
148
2423
2441
1375
3273
366
7454
2834
4071
68
1990
5278
5427
4760
2946
409
1801
7122
3339
7125
5251
816
2840
5801
6421
1840
1875
7183
3282
6419
885
1186
4714
2
4699
4594
1108
675
540
5116
884
1928
405
3828
6235
668
2930
1605
2250
7313
1692
1909
2848
2003
6404
4619
4507
6417
848
130
6124
1852
4111
959
872
3708
740
6352
215
7338
6258
4339
3353
2760
1746
4706
5958
6310
307
3806
1811
2087
5560
1643
3070
6058
2997
1831
4228
5611
7315
3988
6078
3048
2786
6893
4961
907
3875
1841
320
2216
1145
1636
1290
3874
1792
3049
1331
3222
3206
757
7020
1565
6862
2261
4452
6247
7353
4934
5169
1293
6972
6901
2683
703
438
2569
4733
4146
2165
4608
7271
6493
2526
6904
781
6406
3205
2738
2704
3759
5426
6464
1090
4838
1809
1914
4447
4384
513
4721
2537
5583
1716
5198
349
1907
3911
1986
495
3244
1418
4259
3824
6383
4851
3847
315
1021
3200
5153
3511
6888
1376
1551
4098
630
7040
5488
4340
6301
672
4737
4626
2682
3414
7138
4561
4525
305
3407
6198
4755
6712
5087
450
3139
5450
322
6607
582
4309
4826
2344
460
4830
6146
929
1527
3855
6123
2403
1046
2112
5681
4716
3723
7499
6756
774
856
2846
6413
503
6479
2525
1095
3537
4932
2262
2236
2817
1437
5260
2139
1977
5948
2609
1336
1428
7416
1983
5744
347
8
6824
5462
4040
5067
778
1732
7057
798
2380
2823
7134
7251
3572
7277
5
1895
2006
4939
4572
7340
5500
7282
6930
5870
3500
4757
1564
115
4298
1993
6827
6183
3909
4569
3057
1277
7368
5732
7086
2580
6689
4237
4144
3210
1273
1184
3489
890
6463
6226
1685
7150
457
5020
3106
4273
1797
4818
122
2388
7264
1147
2339
147
2471
7189
7236
5358
1683
6460
2316
2219
4258
5168
100
5197
3066
6843
4741
6922
5857
4924
2963
2058
4018
4155
3310
2832
3664
3410
1476
3955
6936
2064
301
212
1758
2327
401
398
7167
3834
2885
917
7359
6308
3993
6643
2862
6822
2531
3691
5131
701
7133
4293
4591
3745
3655
5928
3596
4621
2892
3729
1005
3461
7196
57
2272
7178
2656
4866
3492
6724
7355
5076
5858
709
1826
2473
3183
2180
528
834
66
2769
2456
7386
1051
2055
4891
5971
3621
4440
2828
6112
139
6758
5816
2854
6076
4291
468
2739
7371
3747
4773
6433
224
1618
5449
1835
2653
447
7162
5217
5466
4942
2420
589
765
6442
51
492
1884
1491
976
6040
3696
3105
2518
6544
1887
3386
3600
4002
4244
4143
6809
82
4820
6902
4181
3135
6878
2968
527
5783
4530
3924
159
2100
5888
2974
6410
3938
1976
2227
5022
4604
3152
6139
4319
832
1576
934
7346
632
5908
6640
6189
4272
270
4828
3862
1435
5701
3219
3554
193
6324
1853
3783
1651
374
6707
7336
404
1626
6009
3301
5536
5604
4808
448
5257
888
2646
2996
3892
7464
1141
3898
3700
7320
2733
4513
7044
5203
4283
102
4182
5846
7312
4218
6649
375
3385
4793
1899
4593
7247
1498
6886
4222
1593
2803
4006
667
4444
4774
7443
5407
200
5912
5229
5917
414
7187
3251
1740
3558
557
6423
2410
3439
696
3403
3340
2333
4913
5338
1225
2900
2125
2516
4363
3470
845
4432
3246
6082
5007
3487
1829
3835
510
1355
4769
4754
2354
4194
3748
6982
5800
1864
3184
2314
1031
7466
5933
7047
6611
4294
5323
2847
4642
5119
2009
1389
6577
3350
5104
3516
3601
5170
6910
5173
5843
4534
383
5368
1707
6766
3348
6588
836
747
7358
543
195
4890
3081
1300
5248
3346
3505
2407
2496
6307
3863
6820
6397
3054
4125
5777
3881
2980
3796
