156
432
610
365
141
243
442
655
160
385
86
506
467
688
525
200
308
692
502
289
550
208
349
182
12
715
357
636
424
615
93
477
294
202
286
731
707
319
75
485
746
592
80
11
122
99
55
571
232
57
539
172
150
524
597
463
574
83
691
501
244
188
237
101
74
377
468
599
331
221
333
341
386
68
531
747
612
569
234
430
284
330
503
2
87
324
622
185
538
459
657
272
512
38
36
264
340
348
408
181
146
576
306
671
748
219
129
216
332
449
450
396
616
738
600
644
693
77
197
619
660
60
97
239
183
24
79
618
682
138
206
472
133
480
317
704
26
118
69
479
624
565
417
276
504
267
282
699
178
423
350
700
471
433
52
551
403
476
412
630
513
199
270
690
589
437
143
496
586
553
252
225
15
673
588
354
355
401
497
85
745
703
260
345
627
578
560
474
457
491
194
364
343
677
744
623
393
370
441
426
420
443
363
259
583
102
382
193
253
249
20
698
111
278
410
486
307
18
721
391
683
327
520
125
603
465
119
103
415
358
416
164
406
646
213
100
710
617
280
656
261
679
584
397
356
89
312
135
478
544
248
39
94
608
626
454
161
519
371
661
685
300
462
147
177
668
353
723
233
171
9
67
54
590
313
725
542
204
515
418
62
546
40
508
28
352
166
71
631
154
231
466
436
1
568
375
482
290
25
170
228
123
409
736
711
346
229
507
635
236
190
51
207
5
727
573
447
173
168
90
196
394
455
563
251
662
594
666
460
108
558
44
446
22
494
27
647
31
152
545
372
728
186
405
337
529
741
321
390
404
670
23
209
285
609
511
737
475
620
456
222
667
448
137
561
374
43
638
175
605
167
159
50
514
587
47
421
697
139
179
484
268
379
258
413
322
596
591
595
435
95
195
641
579
157
713
65
509
527
33
672
567
296
676
153
522
663
113
492
63
429
680
684
654
534
498
425
10
273
255
625
694
427
493
148
407
526
56
686
298
674
689
633
557
96
0
483
82
701
180
230
328
387
452
201
309
220
722
734
134
265
198
191
115
521
17
315
464
632
277
295
580
517
245
48
434
555
537
78
388
518
250
730
650
724
7
301
376
136
642
581
470
127
336
246
98
262
275
76
604
81
533
453
577
582
678
695
305
510
438
637
639
218
398
72
659
383
235
601
559
49
749
35
535
373
64
149
212
140
735
205
169
279
21
380
367
274
163
192
481
266
740
360
3
66
562
640
311
41
105
224
705
30
116
602
121
106
400
473
530
117
335
720
34
254
14
362
203
634
487
238
505
606
226
334
653
257
92
215
325
422
645
548
287
566
176
303
299
240
369
114
696
187
29
458
716
124
242
488
389
329
439
310
165
428
718
318
211
112
395
575
304
142
733
411
145
6
547
381
347
58
361
598
227
131
263
651
709
729
708
536
556
19
714
541
366
120
392
184
292
271
323
241
712
174
214
144
461
414
46
378
223
217
344
61
155
351
664
585
675
444
543
570
16
419
37
495
648
665
649
247
500
489
128
652
288
613
316
743
126
158
719
687
88
742
59
669
384
451
643
726
302
528
611
540
53
717
549
554
269
532
104
189
681
4
440
109
564
614
739
91
490
132
162
256
706
130
151
469
42
342
281
293
13
8
314
445
607
210
32
702
291
499
283
297
572
84
368
107
593
621
629
658
359
516
431
523
326
339
552
338
628
70
320
110
732
399
73
45
402
