3333039
6121
5187037
1144
2248663
578
5007938
2559
217926
7226
671323
2522
1982836
37
6756163
3003
3774094
5900
4968793
1688
3317230
5993
1240130
2665
4498496
5909
5415939
7070
6029145
451
1402481
2940
1925588
6496
3559526
3702
4992595
368
4565010
1711
3724258
3973
3523642
3247
5955617
7127
4033933
6079
1046017
575
4824571
1245
5756923
2154
6860788
5517
6258772
542
5445232
1346
158806
2708
3917600
1248
5238277
6340
5724750
4719
1116305
1103
6260905
657
6424510
6207
960601
4720
7394861
6621
4841079
4742
6857171
3158
2633276
5718
6352334
3180
1391153
3077
3527287
6843
569777
4522
5740315
3515
2951242
5344
3946111
6762
5634130
740
716461
5245
392988
6833
6253857
141
4707246
2820
905572
3883
2452858
4204
5892006
6355
6342774
1776
7409216
1171
4263311
1493
2870412
3231
1727243
5866
2925670
7423
1302440
5949
6774862
898
143246
4050
6408936
6878
4913669
4916
1112655
3503
1719825
208
4307152
4057
2701912
1458
5933500
4010
816987
6958
1321507
6844
5479430
4119
6716550
3797
2799944
5261
5484190
1389
1956141
4042
218128
579
4490776
4717
2771622
4173
1605116
6794
5136
5735
3293179
7259
4994684
2391
3890795
2005
3783913
7386
7233799
6888
5045697
5881
475717
5789
6934615
729
5215188
1801
1480811
2762
3875195
957
4510745
4654
6207168
2070
6136185
1138
3753028
3139
5171620
6876
4677223
6854
670280
6707
3052659
2440
5876474
6812
6075125
1805
6761338
4982
1017330
4282
4081090
2276
6994304
273
4105777
1517
3598576
1869
6801702
4815
2568494
5753
1913802
830
6006593
2616
615167
6826
7030019
2069
7170495
1349
5790892
4195
3167833
6915
768915
1618
5380969
4231
2038866
5861
6768695
1689
6421892
5807
1557986
309
3494684
1700
4266021
1199
890503
3941
875006
5417
2767183
6886
6243078
6577
5484087
3385
2490401
4198
1720590
3064
7270538
2961
1501910
1884
2446025
6148
7453783
6476
354149
3456
5869768
193
49172
6022
1163144
5769
5961177
5558
286066
682
3125499
5182
3478828
321
7327060
3366
3313624
6822
3389838
3683
5713335
1739
6348841
7256
4860426
5458
1796264
4444
6761443
4466
4431186
7213
5512767
4635
4493798
4456
5882825
1659
5485365
6206
6674733
7150
2509514
1223
3588231
4857
2432276
7044
2870292
6865
26246
5892
346974
4791
1954901
333
4615577
310
5069166
5074
809660
3818
5919088
564
812411
3766
7325035
1442
2566186
5467
1112963
5219
4819591
6260
574463
679
4660265
3559
1425336
7192
4926682
514
868909
7121
6309431
2990
704529
6533
4073899
6865
5960068
632
3461453
6152
3872681
3882
1133550
3216
7183465
4026
1238489
3968
533362
2258
5383038
5980
6192250
4542
6631675
7131
4316210
7180
1373267
7448
4970793
7326
4485629
3828
6007942
4917
4346701
6558
6297722
447
2566962
4138
6366839
3117
2804971
4097
6127813
2444
2627965
1283
488211
6752
991499
1084
4950804
2516
4966820
2448
2648358
5090
2167959
137
970077
1402
1568313
6243
7301347
4290
1395620
6686
4935370
3386
4397269
4244
1997575
3073
7059759
931
846993
6010
5656164
3304
5657139
3628
3694716
2512
505359
1389
6978822
604
1705535
2456
944256
4288
5060749
2010
3644274
3182
3507757
5872
5608093
2376
1260311
2647
4070008
1882
2068940
800
7479294
3085
1522981
4526
1223492
2841
5409466
6448
5773648
4871
1721186
2595
4700034
5618
1027181
1503
1320957
4554
2328735
6510
3875079
70
631301
1130
1587860
6188
5893884
3958
1654730
5903
4322834
1771
6014018
1954
2565078
5018
5987407
444
4679661
2072
2970536
1575
4490271
3649
4235360
2311
5056841
7106
5359394
2278
3829665
7420
5056755
250
2277215
4056
1981624
2677
1136082
5270
5449959
5776
4987719
1152
2365160
6594
6462661
2396
4263462
7146
2035646
4548
3297192
6840
873684
4774
4304816
4794
827730
2543
4909563
6427
6630295
2453
3574176
1441
1082772
816
5615719
3520
3666037
103
634141
4654
3084763
953
6336130
6953
1618375
720
6964451
4708
4752620
109
5635130
2788
5396480
217
4408675
6931
1043236
6654
7010167
6793
6071244
3662
67243
3402
5335543
1485
5409263
4760
3082010
2352
5156689
4963
3228408
1549
5484856
744
7079948
5898
1941788
866
760928
1605
427367
3044
2182819
5246
1696057
7461
6984045
7025
2680888
4566
611384
737
34532
6589
1679770
360
2503714
3304
5882875
687
4495482
3719
5942124
6756
1132217
2481
1779334
6557
1854362
6506
4024956
2372
3583395
3885
103852
4012
7103786
4555
4578291
443
5317367
1199
3809872
950
908245
5547
6933255
1333
6523913
2329
3600944
6285
3900778
6322
1333020
5986
25995
3410
6453934
1558
3380785
4181
3041216
6269
5484438
5948
3210518
3714
4098021
1742
2402118
2242
5326535
3577
2622372
6450
5262673
604
3703615
4257
5959288
4596
2755354
7213
6199197
5056
435399
243
4720794
4656
620205
1204
1128746
757
3553499
5202
3268032
1764
7440154
1138
4150301
2019
6638026
1777
5391525
736
4311196
5650
6585109
164
138657
4994
4067377
2391
3146597
7006
2080910
3772
5481564
2697
3971958
6565
849312
5561
4082168
6415
3198364
6837
3385552
1244
4035206
7238
6225510
3416
7138094
2715
2051447
7391
2694927
258
