0
1
2
3
449
5
6
7
8
9
10
11
12
13
14
15
16
17
18
19
20
300
22
23
24
25
26
27
28
304
30
31
32
33
34
35
36
37
38
281
40
41
42
43
44
45
46
47
48
49
50
51
52
53
54
55
56
57
58
59
60
61
62
63
64
608
66
67
68
69
70
71
72
73
74
75
76
460
78
79
80
81
82
83
84
85
86
307
88
89
90
91
92
93
94
196
96
97
98
99
100
101
578
103
104
105
106
288
276
109
110
111
112
437
114
115
116
117
746
119
120
121
122
123
124
125
126
127
128
678
130
411
132
451
134
135
681
137
138
139
140
141
310
143
144
145
146
147
148
554
150
151
152
153
154
155
156
157
158
159
160
161
162
163
164
165
166
167
168
169
170
171
172
173
174
175
381
107
178
179
180
275
715
183
184
185
186
192
188
189
190
306
187
193
194
195
95
197
198
705
200
201
21
203
204
205
206
207
208
209
210
305
212
391
540
215
216
217
218
714
220
221
222
590
181
582
226
227
228
229
456
231
232
233
234
405
236
237
238
239
240
241
242
243
244
245
246
247
248
466
613
251
252
253
254
255
256
257
394
259
260
261
262
263
264
265
320
267
268
269
270
271
272
273
274
224
108
277
278
279
280
39
282
283
284
285
286
610
177
289
290
503
292
293
472
295
501
378
298
299
202
301
302
303
29
211
191
87
308
309
599
662
432
313
314
549
316
317
318
319
266
672
322
323
324
325
326
340
328
526
330
331
332
333
350
335
336
337
338
339
464
341
342
343
344
345
346
230
348
349
334
351
352
353
354
355
356
357
358
359
360
361
362
142
364
365
366
367
416
369
370
371
408
373
374
375
376
377
297
600
380
176
382
528
384
385
386
387
388
389
390
213
392
393
258
395
396
397
398
399
400
401
402
403
404
235
406
407
372
409
410
598
412
182
414
415
368
417
418
419
420
421
422
423
424
425
426
427
428
429
430
431
312
433
434
435
436
527
438
439
440
441
442
443
444
445
446
447
448
4
450
133
452
453
454
455
347
457
458
459
77
461
462
463
327
465
249
467
468
469
470
533
294
473
474
475
476
477
478
479
480
481
482
483
484
485
486
487
488
489
490
491
492
493
494
542
496
497
498
499
500
296
502
291
504
505
506
507
508
509
510
511
512
513
514
515
516
517
518
519
520
521
522
523
524
525
329
113
383
683
530
531
532
471
534
535
536
537
538
539
214
541
495
543
544
545
546
547
548
315
550
551
712
553
149
555
556
557
558
559
560
561
562
563
564
565
566
567
568
569
570
571
572
573
574
575
576
577
102
579
580
581
225
596
584
745
586
607
588
589
223
591
592
593
594
595
583
597
131
363
379
601
602
603
604
605
606
587
684
609
287
643
612
250
614
615
616
617
618
619
620
621
622
623
624
625
626
627
628
629
630
631
632
633
634
635
636
637
638
639
640
641
642
611
644
645
646
647
648
649
650
651
652
653
654
655
656
659
658
657
660
661
311
663
664
665
666
667
668
669
670
671
321
673
674
675
676
677
129
679
680
136
682
529
65
685
686
687
688
689
690
691
692
693
694
695
696
697
698
699
700
701
702
703
704
199
706
707
708
709
710
711
552
585
219
413
716
717
713
719
720
721
722
723
724
725
726
727
728
729
730
731
732
733
734
735
736
737
738
739
740
741
742
743
744
718
118
747
748
749
